0 0.356640625 0.13203125 0.09453125 0.0703125
1 0.333203125 0.149609375 0.0171875 0.03359375
1 0.31796875 0.14296875 0.0140625 0.03125
1 0.394921875 0.146875 0.0171875 0.03515625
0 0.99375 0.014453125 0.0125 0.02109375
1 0.991015625 0.019921875 0.0046875 0.0109375
0 0.1109375 0.79609375 0.06875 0.06796875
1 0.138671875 0.8109375 0.0125 0.03515625
1 0.093359375 0.812890625 0.01328125 0.0328125
1 0.082421875 0.80546875 0.0109375 0.034375
0 0.694140625 0.78984375 0.034375 0.02109375
1 0.680078125 0.794921875 0.0046875 0.0109375
1 0.708203125 0.7921875 0.00546875 0.01015625