0 0.337890625 0.14765625 0.09453125 0.0703125
1 0.314453125 0.165234375 0.0171875 0.03359375
1 0.29921875 0.15859375 0.0140625 0.03125
1 0.376171875 0.1625 0.0171875 0.03515625
0 0.554296875 0.29921875 0.09296875 0.06875
1 0.529296875 0.315625 0.01875 0.03359375
1 0.515234375 0.309375 0.01328125 0.03203125
1 0.592578125 0.313671875 0.01640625 0.03515625
0 0.09921875 0.948828125 0.08046875 0.08359375
1 0.131640625 0.9671875 0.01484375 0.04453125
1 0.07578125 0.96875 0.01484375 0.04296875
1 0.065625 0.9625 0.01171875 0.04140625
1 0.85078125 0.80703125 0.2828125 0.334375