0 0.08359375 0.3453125 0.0890625 0.06953125
1 0.11796875 0.357421875 0.01953125 0.0375
1 0.05078125 0.361328125 0.01953125 0.0375
0 0.656640625 0.11328125 0.215625 0.16484375
1 0.741015625 0.142578125 0.04453125 0.08671875
1 0.58515625 0.150390625 0.04609375 0.0875
1 0.5671875 0.14453125 0.02890625 0.0703125
0 0.13359375 0.834765625 0.08984375 0.0953125
1 0.1078125 0.8578125 0.01796875 0.046875
1 0.098046875 0.849609375 0.01328125 0.04375
1 0.16953125 0.853125 0.01640625 0.04921875
1 0.58515625 0.821484375 0.1515625 0.21171875