0 0.223046875 0.15234375 0.08671875 0.06640625
1 0.25625 0.166796875 0.01875 0.03671875
1 0.1890625 0.166015625 0.01796875 0.03671875
0 0.867578125 0.309765625 0.0875 0.0921875
1 0.832421875 0.330859375 0.01640625 0.0484375
1 0.893359375 0.330859375 0.01640625 0.04921875
1 0.903515625 0.330859375 0.0109375 0.04296875
0 0.462109375 0.521875 0.0953125 0.06796875
1 0.435546875 0.534765625 0.01640625 0.03359375
1 0.423046875 0.53359375 0.01484375 0.03203125
1 0.50078125 0.537109375 0.01640625 0.0359375
0 0.716015625 0.46640625 0.11015625 0.0328125
1 0.678515625 0.465234375 0.02109375 0.03046875
1 0.669140625 0.4609375 0.01484375 0.021875
1 0.759375 0.466015625 0.021875 0.03203125