0 0.036328125 0.35546875 0.07265625 0.0734375
1 0.00546875 0.37421875 0.0109375 0.034375
1 0.06328125 0.36953125 0.01875 0.0359375
0 0.645703125 0.379296875 0.0828125 0.0921875
1 0.615625 0.40078125 0.01796875 0.046875
1 0.6765625 0.397265625 0.01953125 0.0484375
0 0.249609375 0.804296875 0.08359375 0.0890625
1 0.283203125 0.821875 0.015625 0.04609375
1 0.225390625 0.826171875 0.01796875 0.04375
1 0.2171875 0.81796875 0.01328125 0.04296875
0 0.57265625 0.92578125 0.0859375 0.09375
1 0.60625 0.94609375 0.01796875 0.04609375
1 0.547265625 0.94453125 0.0171875 0.0453125
1 0.538671875 0.937109375 0.0140625 0.03984375