0 0.303515625 0.400390625 0.05234375 0.15546875
1 0.295703125 0.43125 0.025 0.06875
1 0.31796875 0.43359375 0.0234375 0.075
0 0.403515625 0.378125 0.10390625 0.11328125
1 0.372265625 0.405859375 0.021875 0.0546875
1 0.364453125 0.401171875 0.0171875 0.0515625
1 0.443359375 0.394921875 0.02265625 0.05625
0 0.034765625 0.851171875 0.06953125 0.08671875
1 0.059765625 0.865234375 0.01953125 0.0484375
1 0.005078125 0.870703125 0.01015625 0.04765625
0 0.530078125 0.853515625 0.0859375 0.0921875
1 0.498046875 0.867578125 0.015625 0.04296875
1 0.507421875 0.876171875 0.0171875 0.0453125
1 0.5640625 0.87109375 0.0171875 0.04609375