1 0.402734375 0.14375 0.00390625 0.00703125
1 0.389453125 0.14453125 0.00390625 0.00625
0 0.39609375 0.141015625 0.01796875 0.01484375
1 0.14140625 0.17421875 0.0125 0.0171875
1 0.17265625 0.17109375 0.01328125 0.01875
1 0.2 0.1703125 0.01015625 0.015625
1 0.210546875 0.16796875 0.00859375 0.01484375
1 0.284375 0.157421875 0.0078125 0.01171875
1 0.272265625 0.159765625 0.0078125 0.0109375
1 0.255859375 0.1609375 0.00703125 0.0109375
1 0.887890625 0.427734375 0.22421875 0.12421875
1 0.53828125 0.75078125 0.003125 0.015625
1 0.203515625 0.91953125 0.30859375 0.1609375