1 0.4421875 0.2953125 0.00390625 0.00703125
1 0.42890625 0.29375 0.00390625 0.00625
0 0.4359375 0.29140625 0.01875 0.01640625
1 0.1796875 0.275390625 0.01328125 0.01796875
1 0.2109375 0.278515625 0.0140625 0.01953125
1 0.237890625 0.282421875 0.0109375 0.01640625
1 0.24921875 0.28203125 0.009375 0.015625
1 0.3234375 0.286328125 0.00859375 0.01171875
1 0.311328125 0.2859375 0.00859375 0.01171875
1 0.294921875 0.284375 0.0078125 0.0109375
1 0.86953125 0.466015625 0.2390625 0.42734375
1 0.32265625 0.852734375 0.0109375 0.0265625
1 0.2953125 0.850390625 0.0109375 0.02421875
1 0.2828125 0.841796875 0.01015625 0.0234375
0 0.30234375 0.837890625 0.05703125 0.05703125