1 0.112890625 0.2296875 0.00390625 0.0078125
1 0.0984375 0.22890625 0.00390625 0.0078125
0 0.10625 0.225390625 0.01875 0.0171875
1 0.512890625 0.146875 0.003125 0.0078125
1 0.525390625 0.14765625 0.00390625 0.00703125
0 0.51953125 0.14453125 0.0171875 0.0140625
1 0.4203125 0.142578125 0.00625 0.01015625
1 0.41015625 0.141796875 0.00625 0.01015625
1 0.396875 0.140234375 0.00625 0.0109375
1 0.379296875 0.1390625 0.00703125 0.0109375
1 0.044921875 0.854296875 0.00390625 0.0078125
1 0.037890625 0.8578125 0.003125 0.00703125
1 0.032421875 0.856640625 0.003125 0.0078125
0 0.038671875 0.853125 0.0171875 0.0171875
1 0.405078125 0.615234375 0.0140625 0.03359375
1 0.416796875 0.623046875 0.01953125 0.0375
1 0.483984375 0.6265625 0.01953125 0.0359375
0 0.446484375 0.607421875 0.09921875 0.07734375