1 0.12265625 0.26015625 0.025 0.03203125
1 0.180859375 0.25234375 0.02265625 0.0328125
1 0.219140625 0.246875 0.01796875 0.0265625
1 0.28671875 0.234375 0.015625 0.01953125
1 0.31796875 0.230859375 0.01171875 0.01640625
1 0.344140625 0.226953125 0.0109375 0.01484375
1 0.365234375 0.2234375 0.0109375 0.015625
1 0.508203125 0.2015625 0.00234375 0.0078125
1 0.47421875 0.509765625 0.00625 0.0140625
1 0.490625 0.507421875 0.00625 0.01484375
0 0.48125 0.508203125 0.0234375 0.01640625
0 0.589453125 0.77578125 0.02109375 0.01796875
1 0.598046875 0.778125 0.00390625 0.00859375
1 0.58203125 0.780078125 0.0046875 0.00859375