1 0.02109375 0.329296875 0.015625 0.02109375
1 0.06015625 0.322265625 0.01484375 0.02109375
1 0.08984375 0.316796875 0.0125 0.0171875
1 0.28046875 0.279296875 0.0046875 0.0078125
1 0.265625 0.282421875 0.00390625 0.0078125
0 0.273046875 0.278125 0.0203125 0.0171875
1 0.62421875 0.471484375 0.009375 0.03203125
1 0.751171875 0.44765625 0.01796875 0.02265625
1 0.69765625 0.45546875 0.021875 0.02578125
1 0.669140625 0.457421875 0.021875 0.025
0 0.712109375 0.439453125 0.11484375 0.06484375
1 0.956640625 0.41484375 0.0078125 0.009375
1 0.936328125 0.41875 0.00703125 0.009375
1 0.91015625 0.422265625 0.01015625 0.0109375
1 0.884375 0.424609375 0.01015625 0.01171875