0 0.196484375 0.126171875 0.01953125 0.0171875
1 0.20390625 0.129296875 0.003125 0.0078125
1 0.188671875 0.130078125 0.00390625 0.00859375
1 0.60234375 0.01640625 0.0078125 0.0171875
1 0.5890625 0.008203125 0.00546875 0.01640625
1 0.621484375 0.014453125 0.00546875 0.01640625
0 0.60390625 0.0125 0.040625 0.025
1 0.46171875 0.738671875 0.115625 0.21953125
1 0.655078125 0.8109375 0.27109375 0.378125
1 0.66953125 0.578515625 0.0203125 0.02578125
1 0.646484375 0.578125 0.015625 0.02265625
1 0.743359375 0.579296875 0.0171875 0.02265625
1 0.7875 0.57734375 0.01328125 0.01953125
1 0.766015625 0.576953125 0.0140625 0.01796875
1 0.840234375 0.578125 0.0125 0.01796875
1 0.89921875 0.57734375 0.0125 0.0171875
1 0.857421875 0.576171875 0.0125 0.015625
0 0.69609375 0.569140625 0.11640625 0.0484375
0 0.802734375 0.56796875 0.08828125 0.0390625
0 0.8765625 0.571484375 0.0609375 0.0296875