0 0.191796875 0.2875 0.0203125 0.01796875
1 0.198828125 0.29140625 0.00390625 0.0078125
1 0.18359375 0.291015625 0.00390625 0.00859375
1 0.629296875 0.40546875 0.0078125 0.021875
1 0.605078125 0.4 0.0078125 0.02109375
1 0.601171875 0.39921875 0.00625 0.01953125
0 0.61640625 0.394140625 0.0375 0.04453125
1 0.21875 0.671875 0.01171875 0.0171875
1 0.249609375 0.673828125 0.01171875 0.01796875
1 0.276171875 0.676953125 0.00859375 0.015625
1 0.287109375 0.6765625 0.0078125 0.0140625
1 0.360546875 0.677734375 0.00703125 0.0109375
1 0.34765625 0.677734375 0.00703125 0.01171875
1 0.3328125 0.6765625 0.00703125 0.0125
1 0.311328125 0.675 0.0078125 0.01171875
0 0.246875 0.66796875 0.0703125 0.03359375