0 0.440234375 0.303125 0.01953125 0.0171875
0 0.104296875 0.30703125 0.12265625 0.0578125
1 0.44765625 0.306640625 0.003125 0.0078125
1 0.432421875 0.306640625 0.00390625 0.00859375
1 0.23203125 0.316015625 0.01328125 0.01953125
1 0.195703125 0.3171875 0.01484375 0.02265625
1 0.146484375 0.31796875 0.01640625 0.02578125
1 0.094140625 0.31875 0.02109375 0.028125
1 0.05234375 0.31875 0.01953125 0.02578125
1 0.461328125 0.737890625 0.009375 0.01328125
1 0.44375 0.737890625 0.00859375 0.01328125
1 0.421484375 0.7390625 0.009375 0.0125
1 0.39296875 0.7375 0.01171875 0.01484375
1 0.344921875 0.740625 0.01328125 0.02109375
1 0.31875 0.743359375 0.0140625 0.0234375
1 0.2765625 0.7421875 0.01640625 0.021875
1 0.2328125 0.74140625 0.01953125 0.0234375
1 0.71953125 0.9359375 0.196875 0.128125
1 0.790625 0.81328125 0.00625 0.015625
1 0.8203125 0.813671875 0.0078125 0.015625
1 0.837890625 0.81171875 0.00859375 0.01484375
0 0.81328125 0.807421875 0.06171875 0.03203125