0 0.151953125 0.2734375 0.10390625 0.08046875
1 0.19296875 0.292578125 0.01953125 0.040625
1 0.11953125 0.291796875 0.0203125 0.0390625
1 0.108203125 0.28359375 0.015625 0.0359375
0 0.937109375 0.082421875 0.12578125 0.13515625
1 0.91640625 0.109375 0.03671875 0.07421875
1 0.887890625 0.102734375 0.025 0.0609375
0 0.28515625 0.63046875 0.109375 0.0859375
1 0.327734375 0.65 0.02109375 0.04453125
1 0.2484375 0.64765625 0.02109375 0.04453125
1 0.2390625 0.640234375 0.0140625 0.03984375
1 0.898046875 0.83203125 0.20390625 0.3359375