0 0.451171875 0.27109375 0.1203125 0.09609375
1 0.498046875 0.29453125 0.02265625 0.04921875
1 0.412109375 0.284375 0.02421875 0.046875
1 0.4015625 0.2796875 0.01875 0.04140625
0 0.67109375 0.391796875 0.084375 0.084375
1 0.648046875 0.409765625 0.01640625 0.04375
1 0.636328125 0.4015625 0.0140625 0.03828125
1 0.703515625 0.4109375 0.015625 0.04453125
0 0.28046875 0.5484375 0.0953125 0.0703125
1 0.316796875 0.56328125 0.01796875 0.03515625
1 0.2546875 0.56328125 0.01796875 0.034375
1 0.241015625 0.55703125 0.0140625 0.03203125