0 0.192578125 0.206640625 0.128125 0.096875
1 0.24296875 0.228515625 0.02421875 0.05234375
1 0.151953125 0.2234375 0.025 0.05078125
1 0.13984375 0.21953125 0.0203125 0.04453125
0 0.54921875 0.3453125 0.10546875 0.0828125
1 0.59140625 0.3640625 0.01953125 0.040625
1 0.516796875 0.3640625 0.01953125 0.04140625
1 0.504296875 0.357421875 0.0140625 0.0359375
0 0.75234375 0.88828125 0.10546875 0.0828125
1 0.79453125 0.90703125 0.01953125 0.040625
1 0.719921875 0.90703125 0.01953125 0.04140625
1 0.707421875 0.900390625 0.0140625 0.0359375