0 0.007421875 0.30859375 0.01484375 0.0203125
1 0.011328125 0.313671875 0.0046875 0.00859375
0 0.81328125 0.03984375 0.09140625 0.07734375
1 0.8453125 0.058984375 0.0203125 0.0390625
1 0.77890625 0.051171875 0.021875 0.03984375
0 0.210546875 0.899609375 0.1234375 0.14375
1 0.2515625 0.93359375 0.028125 0.07421875
1 0.16484375 0.917578125 0.02890625 0.06796875
0 0.660546875 0.95625 0.11171875 0.0875
1 0.698828125 0.980078125 0.02421875 0.03984375
1 0.625 0.96484375 0.02421875 0.04375
1 0.61640625 0.95703125 0.01953125 0.03828125