0 0.353515625 0.3140625 0.021875 0.01875
1 0.362109375 0.31796875 0.00390625 0.00859375
1 0.34609375 0.31875 0.0046875 0.009375
1 0.071875 0.349609375 0.01796875 0.02578125
1 0.0078125 0.35625 0.015625 0.0328125
0 0.041015625 0.3421875 0.08203125 0.065625
0 0.490234375 0.219921875 0.06484375 0.03984375
0 0.453125 0.221484375 0.04765625 0.028125
1 0.505078125 0.226953125 0.00859375 0.01953125
1 0.517578125 0.223046875 0.009375 0.01796875
0 0.80078125 0.601953125 0.121875 0.02421875
1 0.85 0.59921875 0.0234375 0.01875
1 0.76328125 0.59765625 0.025 0.015625
1 0.752734375 0.594140625 0.01953125 0.00859375