0 0.398828125 0.26171875 0.02109375 0.0203125
1 0.4078125 0.265234375 0.003125 0.00859375
1 0.392578125 0.2671875 0.00546875 0.009375
1 0.121484375 0.3171875 0.01953125 0.0265625
1 0.05546875 0.328125 0.0234375 0.034375
0 0.0796875 0.3125 0.10625 0.071875
0 0.033984375 0.319140625 0.06796875 0.08046875
0 0.55859375 0.42421875 0.09375 0.09609375
1 0.527734375 0.448046875 0.021875 0.0484375
1 0.58828125 0.440625 0.02109375 0.0484375
1 0.59765625 0.438671875 0.01328125 0.0421875
1 0.2625 0.835546875 0.29375 0.32890625