0 0.1921875 0.569140625 0.06796875 0.07265625
1 0.169140625 0.5859375 0.01640625 0.0390625
1 0.218359375 0.58203125 0.01640625 0.0390625
0 0.681640625 0.465234375 0.10703125 0.11171875
1 0.641015625 0.486328125 0.0171875 0.04921875
1 0.65234375 0.492578125 0.02265625 0.05625
1 0.723828125 0.486328125 0.021875 0.05625
0 0.2328125 0.977734375 0.109375 0.04453125
0 0.566796875 0.677734375 0.08203125 0.05546875
1 0.54453125 0.676953125 0.01796875 0.0421875
1 0.5359375 0.67265625 0.0140625 0.04140625
1 0.598828125 0.67890625 0.01875 0.0421875