0 0.240234375 0.19375 0.096875 0.0734375
1 0.2140625 0.208203125 0.0203125 0.034375
1 0.20078125 0.20078125 0.01484375 0.0328125
1 0.276953125 0.21171875 0.01875 0.0359375
0 0.816796875 0.31640625 0.0859375 0.07265625
1 0.84765625 0.33125 0.01875 0.03359375
1 0.7875 0.332421875 0.0171875 0.03203125
1 0.78125 0.327734375 0.01328125 0.0296875
0 0.67421875 0.448828125 0.1109375 0.07890625
1 0.715625 0.465625 0.02265625 0.04375
1 0.63984375 0.462109375 0.02265625 0.04140625
1 0.628125 0.454296875 0.0171875 0.03828125