0 0.684765625 0.23046875 0.15078125 0.115625
1 0.744921875 0.251953125 0.03125 0.059375
1 0.640625 0.254296875 0.03125 0.05859375
1 0.623046875 0.25078125 0.021875 0.04765625
0 0.290234375 0.728515625 0.1125 0.090625
1 0.2546875 0.75078125 0.02265625 0.04375
1 0.24453125 0.74453125 0.01640625 0.03984375
1 0.335546875 0.745703125 0.0234375 0.0453125
0 0.7078125 0.505859375 0.13125 0.07265625
1 0.6671875 0.50703125 0.028125 0.04921875
1 0.655078125 0.501171875 0.0203125 0.04296875
1 0.76015625 0.51015625 0.025 0.0515625