0 0.117578125 0.414453125 0.09609375 0.071875
1 0.155078125 0.426171875 0.01875 0.0359375
1 0.093359375 0.431640625 0.01875 0.03515625
1 0.07890625 0.426171875 0.01484375 0.03203125
1 0.898828125 0.440625 0.03359375 0.0578125
1 0.87265625 0.440625 0.02421875 0.05390625
0 0.92890625 0.412890625 0.1421875 0.11328125
1 0.083984375 0.975 0.01875 0.03515625
1 0.05 0.97265625 0.0203125 0.03515625
1 0.149609375 0.97109375 0.021875 0.03828125
0 0.107421875 0.958984375 0.1390625 0.075
0 0.481640625 0.7875 0.08125 0.090625
1 0.452734375 0.808984375 0.01875 0.046875
1 0.51328125 0.80234375 0.01875 0.04765625