0 0.103515625 0.511328125 0.11015625 0.09609375
1 0.066015625 0.53828125 0.02421875 0.0421875
1 0.136328125 0.534375 0.02578125 0.05
1 0.14921875 0.534765625 0.0171875 0.04921875
0 0.76484375 0.376171875 0.10625 0.1140625
1 0.725 0.397265625 0.0171875 0.04921875
1 0.7359375 0.404296875 0.02265625 0.05546875
1 0.80625 0.39609375 0.02265625 0.0578125
0 0.093359375 0.964453125 0.08828125 0.07109375
1 0.062109375 0.98515625 0.01328125 0.0296875
1 0.07109375 0.987890625 0.01875 0.02421875
1 0.128125 0.984765625 0.0171875 0.03046875
0 0.893359375 0.757421875 0.21328125 0.25859375
1 0.830859375 0.8078125 0.04453125 0.10546875
1 0.903125 0.808984375 0.06484375 0.12421875