0 0.3578125 0.22734375 0.0953125 0.0703125
1 0.395703125 0.23984375 0.01796875 0.03515625
1 0.33359375 0.24375 0.01796875 0.034375
1 0.319140625 0.238671875 0.0140625 0.03203125
1 0.74765625 0.3984375 0.19765625 0.209375
1 0.855859375 0.227734375 0.00703125 0.01640625
1 0.873828125 0.225390625 0.00859375 0.015625
1 0.826171875 0.22890625 0.00703125 0.015625
0 0.847265625 0.221484375 0.0625 0.0328125
1 0.759765625 0.952734375 0.0203125 0.03984375
1 0.7484375 0.94609375 0.015625 0.0375
1 0.83359375 0.9484375 0.02109375 0.040625
0 0.791796875 0.931640625 0.1046875 0.08515625