0 0.158203125 0.64140625 0.103125 0.103125
1 0.1171875 0.6625 0.0203125 0.053125
1 0.18828125 0.665234375 0.021875 0.0546875
1 0.20078125 0.664453125 0.0140625 0.04921875
0 0.380859375 0.31875 0.06171875 0.1140625
1 0.40078125 0.34375 0.01953125 0.06328125
0 0.29140625 0.78828125 0.0609375 0.0640625
1 0.314453125 0.803515625 0.01171875 0.03125
1 0.269140625 0.80234375 0.0140625 0.03203125
0 0.41875 0.96875 0.084375 0.0625
1 0.38515625 0.984375 0.0140625 0.03125
1 0.39453125 0.9875 0.015625 0.025
1 0.4515625 0.990234375 0.015625 0.01953125