0 0.30859375 0.190625 0.08828125 0.0734375
1 0.34296875 0.203125 0.01953125 0.0390625
1 0.27578125 0.20859375 0.01875 0.0359375
1 0.678515625 0.262109375 0.20078125 0.2125
1 0.78359375 0.08984375 0.0078125 0.01640625
1 0.8015625 0.08671875 0.00859375 0.015625
1 0.754296875 0.09140625 0.00703125 0.015625
0 0.775 0.08359375 0.0625 0.034375
0 0.2625 0.63984375 0.0859375 0.08671875
1 0.240234375 0.659765625 0.01640625 0.04453125
1 0.22890625 0.65390625 0.01171875 0.0390625
1 0.296484375 0.656640625 0.0171875 0.04453125
1 0.575390625 0.89921875 0.30390625 0.2015625