0 0.061328125 0.255859375 0.0953125 0.1046875
1 0.02421875 0.278515625 0.01953125 0.0515625
1 0.095703125 0.28046875 0.02109375 0.05546875
0 0.755078125 0.4359375 0.08046875 0.090625
1 0.784375 0.45859375 0.01640625 0.04453125
1 0.72734375 0.44765625 0.015625 0.04375
1 0.722265625 0.442578125 0.01328125 0.0421875
0 0.156640625 0.823046875 0.084375 0.0875
1 0.121875 0.833203125 0.0140625 0.040625
1 0.13046875 0.841796875 0.0171875 0.04375
1 0.18828125 0.84375 0.0171875 0.0453125
0 0.803125 0.912109375 0.0640625 0.07265625
1 0.825390625 0.9296875 0.0140625 0.0375
1 0.777734375 0.926953125 0.01328125 0.0390625