0 0.3671875 0.12734375 0.10625 0.08203125
1 0.4078125 0.147265625 0.02109375 0.0421875
1 0.333984375 0.1453125 0.0203125 0.040625
1 0.32265625 0.138671875 0.015625 0.03671875
0 0.78125 0.421875 0.0875 0.06796875
1 0.814453125 0.437109375 0.01953125 0.03671875
1 0.747265625 0.43515625 0.01875 0.03671875
1 0.658203125 0.9296875 0.19609375 0.140625
1 0.848828125 0.809765625 0.0078125 0.01875
1 0.85703125 0.806640625 0.0078125 0.01875
1 0.8078125 0.806640625 0.009375 0.0203125
0 0.831640625 0.799609375 0.06015625 0.0421875
0 0.7796875 0.796875 0.04453125 0.03203125
1 0.78984375 0.80234375 0.0078125 0.01484375