0 0.219921875 0.442578125 0.09765625 0.075
1 0.256640625 0.461328125 0.01796875 0.03671875
1 0.190625 0.4546875 0.02109375 0.03828125
1 0.180859375 0.452734375 0.01796875 0.0328125
0 0.839453125 0.39375 0.0953125 0.0859375
1 0.8734375 0.4171875 0.01953125 0.03828125
1 0.806640625 0.409765625 0.02109375 0.0390625
1 0.800390625 0.40703125 0.0171875 0.0375
0 0.12265625 0.927734375 0.134375 0.14453125
1 0.169140625 0.96484375 0.03046875 0.0703125
1 0.0734375 0.953125 0.03125 0.07734375
0 0.537890625 0.899609375 0.0953125 0.0734375
1 0.57265625 0.9171875 0.0203125 0.0375
1 0.509375 0.91171875 0.01875 0.03671875
1 0.49765625 0.91015625 0.0140625 0.0328125