0 0.2890625 0.01796875 0.1046875 0.0359375
1 0.330078125 0.016796875 0.01953125 0.03359375
1 0.256640625 0.017578125 0.02109375 0.03515625
1 0.244921875 0.0125 0.01484375 0.025
1 0.598828125 0.3984375 0.09765625 0.1828125
1 0.925 0.252734375 0.03046875 0.04453125
1 0.75546875 0.251171875 0.015625 0.03203125
1 0.68125 0.249609375 0.0140625 0.0265625
1 0.61640625 0.2484375 0.009375 0.021875
0 0.7234375 0.24140625 0.09921875 0.0625
0 0.594140625 0.2421875 0.05546875 0.03671875
0 0.95390625 0.239453125 0.0921875 0.09609375
0 0.99375 0.827734375 0.0125 0.01953125
1 0.991015625 0.832421875 0.00546875 0.009375