0 0.143359375 0.3109375 0.1078125 0.08515625
1 0.185546875 0.327734375 0.02109375 0.0421875
1 0.112109375 0.33125 0.02265625 0.04296875
1 0.100390625 0.32421875 0.015625 0.0375
1 0.99140625 0.234765625 0.009375 0.01328125
0 0.991015625 0.230078125 0.01796875 0.02421875
1 0.506640625 0.632421875 0.03984375 0.05390625
1 0.358203125 0.633203125 0.03359375 0.04453125
0 0.463671875 0.612890625 0.25234375 0.10859375
1 0.030859375 0.801953125 0.06171875 0.21015625
0 0.893359375 0.70078125 0.08828125 0.071875
1 0.927734375 0.7140625 0.01875 0.03828125
1 0.864453125 0.716796875 0.01796875 0.03671875