0 0.13671875 0.500390625 0.0765625 0.05859375
1 0.10625 0.5140625 0.0140625 0.03125
1 0.1171875 0.51796875 0.015625 0.0234375
1 0.162890625 0.519140625 0.01640625 0.02109375
0 0.249609375 0.9625 0.09140625 0.075
1 0.223828125 0.983203125 0.02109375 0.03359375
1 0.21328125 0.979296875 0.015625 0.04140625
1 0.28046875 0.985546875 0.0203125 0.02890625
0 0.859375 0.87890625 0.10625 0.11328125
1 0.816015625 0.89140625 0.0171875 0.05
1 0.825 0.9 0.02265625 0.05546875
1 0.896875 0.90625 0.02109375 0.05703125