1 0.52265625 0.470703125 0.0421875 0.078125
1 0.380859375 0.471875 0.03984375 0.0796875
1 0.352734375 0.4671875 0.028125 0.065625
0 0.44140625 0.43984375 0.2078125 0.15078125
0 0.7859375 0.288671875 0.0984375 0.0765625
1 0.753125 0.303125 0.0203125 0.03984375
1 0.744140625 0.2953125 0.01328125 0.034375
1 0.825390625 0.30546875 0.01796875 0.0421875
0 0.327734375 0.860546875 0.14765625 0.1109375
1 0.3859375 0.886328125 0.02890625 0.05859375
1 0.281640625 0.88125 0.02890625 0.0578125
1 0.26484375 0.876953125 0.0203125 0.046875