0 0.0390625 0.1109375 0.078125 0.0828125
1 0.00546875 0.12109375 0.0109375 0.0375
1 0.014453125 0.1296875 0.015625 0.04140625
1 0.069140625 0.13046875 0.015625 0.04375
0 0.637890625 0.119921875 0.07578125 0.084375
1 0.608203125 0.137109375 0.01484375 0.04453125
1 0.666796875 0.136328125 0.01640625 0.046875
0 0.083984375 0.660546875 0.0828125 0.09375
1 0.049609375 0.670703125 0.01171875 0.04453125
1 0.05390625 0.680078125 0.015625 0.04921875
1 0.115625 0.68203125 0.015625 0.0484375
0 0.350390625 0.890625 0.02109375 0.0890625
1 0.35078125 0.912890625 0.0171875 0.04375