1 0.284765625 0.396484375 0.28203125 0.34609375
0 0.830078125 0.36953125 0.0859375 0.06796875
1 0.864453125 0.384765625 0.01640625 0.0359375
1 0.7984375 0.384375 0.0171875 0.0375
0 0.390234375 0.855859375 0.0890625 0.0640625
1 0.42578125 0.869921875 0.0171875 0.034375
1 0.36015625 0.86953125 0.015625 0.0359375
1 0.3515625 0.868359375 0.009375 0.0328125
0 0.655859375 0.98125 0.08984375 0.0375
1 0.6921875 0.99609375 0.0171875 0.0078125
1 0.628125 0.99609375 0.015625 0.0078125
1 0.61640625 0.996484375 0.0109375 0.00703125