0 0.292578125 0.42265625 0.09609375 0.06953125
1 0.265625 0.434765625 0.01640625 0.034375
1 0.253125 0.433203125 0.01484375 0.0328125
1 0.330859375 0.43828125 0.0171875 0.03671875
0 0.724609375 0.303515625 0.0828125 0.0875
1 0.6890625 0.317578125 0.0109375 0.0390625
1 0.701171875 0.32421875 0.0140625 0.04140625
1 0.75625 0.3234375 0.01640625 0.04296875
0 0.08046875 0.89453125 0.0921875 0.06875
1 0.11640625 0.91015625 0.01875 0.03671875
1 0.052734375 0.9078125 0.0171875 0.0359375
1 0.041015625 0.906640625 0.01171875 0.03203125
0 0.420703125 0.958203125 0.02265625 0.08359375
1 0.416796875 0.977734375 0.01484375 0.04453125
1 0.42421875 0.97890625 0.01171875 0.0390625