0 0.34140625 0.16640625 0.2171875 0.1875
1 0.426171875 0.206640625 0.04765625 0.09296875
1 0.26953125 0.194921875 0.05078125 0.09375
1 0.253125 0.184765625 0.0328125 0.0734375
1 0.22109375 0.808203125 0.21015625 0.2203125
0 0.40234375 0.6546875 0.06640625 0.04296875
0 0.365234375 0.650390625 0.0484375 0.03046875
1 0.415625 0.663671875 0.01015625 0.01953125
1 0.428515625 0.662109375 0.01015625 0.01796875
0 0.628515625 0.6640625 0.11328125 0.06875
1 0.66953125 0.67578125 0.02421875 0.04375
1 0.59375 0.669921875 0.02421875 0.04140625
1 0.58203125 0.661328125 0.01796875 0.03828125