0 0.2703125 0.15703125 0.025 0.01953125
1 0.280078125 0.15859375 0.00546875 0.01015625
1 0.2640625 0.160546875 0.0046875 0.01015625
1 0.26015625 0.161328125 0.00390625 0.01015625
1 0.68671875 0.314453125 0.00625 0.01015625
1 0.703515625 0.31328125 0.0046875 0.009375
0 0.694921875 0.31015625 0.02421875 0.01953125
0 0.105859375 0.52890625 0.09140625 0.0390625
1 0.073046875 0.52890625 0.02109375 0.0375
1 0.141015625 0.523046875 0.02109375 0.02734375
0 0.976953125 0.945703125 0.034375 0.02109375
1 0.96328125 0.95078125 0.00625 0.009375
1 0.990625 0.946875 0.00625 0.01015625