0 0.25234375 0.3609375 0.21328125 0.1609375
1 0.336328125 0.3921875 0.04296875 0.0859375
1 0.18046875 0.396875 0.04453125 0.08671875
1 0.1625 0.390625 0.02734375 0.06953125
0 0.44609375 0.61640625 0.10234375 0.08125
1 0.41640625 0.63671875 0.02109375 0.0390625
1 0.40390625 0.630859375 0.0140625 0.03671875
1 0.487890625 0.63203125 0.01875 0.03984375
0 0.693359375 0.684765625 0.08125 0.08671875
1 0.669140625 0.705859375 0.01484375 0.04296875
1 0.659375 0.70078125 0.0109375 0.0390625
1 0.725390625 0.6984375 0.015625 0.04453125