0 0.473828125 0.324609375 0.11328125 0.09296875
1 0.513671875 0.34765625 0.02421875 0.0421875
1 0.439453125 0.33984375 0.02421875 0.04296875
1 0.427734375 0.33203125 0.0171875 0.03671875
0 0.7875 0.3984375 0.028125 0.0203125
1 0.78046875 0.401953125 0.0046875 0.009375
1 0.79765625 0.402734375 0.00546875 0.009375
1 0.77578125 0.4015625 0.0046875 0.01015625
0 0.266015625 0.81328125 0.10859375 0.0890625
1 0.233203125 0.828515625 0.02421875 0.040625
1 0.221875 0.820703125 0.0171875 0.0375
1 0.3046875 0.834765625 0.021875 0.040625
0 0.980859375 0.544921875 0.03828125 0.07734375
1 0.984375 0.5546875 0.01953125 0.03515625
1 0.972265625 0.551953125 0.01796875 0.03359375