0 0.101171875 0.059375 0.08203125 0.0875
1 0.068359375 0.067578125 0.0140625 0.03984375
1 0.0765625 0.076953125 0.01796875 0.0421875
1 0.129296875 0.081640625 0.01796875 0.0421875
0 0.4390625 0.353515625 0.059375 0.13359375
1 0.449609375 0.384765625 0.02890625 0.06796875
0 0.147265625 0.6078125 0.08046875 0.08046875
1 0.11484375 0.615234375 0.0140625 0.03984375
1 0.124609375 0.62421875 0.0171875 0.03828125
1 0.176171875 0.62734375 0.0171875 0.0421875
0 0.72890625 0.700390625 0.08515625 0.0890625
1 0.696484375 0.71640625 0.01875 0.0453125
1 0.75390625 0.721484375 0.01875 0.04609375