1 0.1421875 0.46875 0.190625 0.2015625
1 0.1609375 0.3046875 0.00625 0.0171875
1 0.117578125 0.30390625 0.0078125 0.01484375
0 0.0828125 0.300390625 0.0328125 0.01875
0 0.141015625 0.298046875 0.0546875 0.03125
1 0.5875 0.285546875 0.01484375 0.04375
1 0.578515625 0.276953125 0.0109375 0.040625
1 0.6421875 0.285546875 0.01484375 0.04453125
0 0.61171875 0.265625 0.07734375 0.084375
0 0.147265625 0.847265625 0.078125 0.06484375
1 0.178125 0.858203125 0.015625 0.0328125
1 0.116796875 0.862890625 0.0171875 0.0328125
0 0.753515625 0.755859375 0.11015625 0.084375
1 0.79765625 0.775390625 0.0203125 0.04453125
1 0.717578125 0.776171875 0.0203125 0.04296875
1 0.705859375 0.76953125 0.0140625 0.0390625