0 0.367578125 0.308984375 0.11328125 0.08984375
1 0.412109375 0.321875 0.02421875 0.04375
1 0.337109375 0.331640625 0.02421875 0.04140625
1 0.323828125 0.326171875 0.01796875 0.03828125
0 0.653515625 0.028515625 0.10078125 0.05703125
1 0.62890625 0.03671875 0.0203125 0.03671875
1 0.616015625 0.03125 0.01484375 0.03515625
1 0.694140625 0.0296875 0.0203125 0.0375
0 0.0765625 0.663671875 0.0984375 0.075
1 0.116015625 0.675390625 0.01953125 0.03515625
1 0.054296875 0.681640625 0.01875 0.03515625
1 0.03828125 0.6765625 0.015625 0.03203125
1 0.875 0.872265625 0.0359375 0.04609375
0 0.92578125 0.846875 0.1484375 0.121875