1 0.6015625 0.4453125 0.0390625 0.0484375
1 0.032421875 0.48359375 0.0078125 0.0171875
0 0.0203125 0.478515625 0.040625 0.03515625
0 0.621875 0.420703125 0.1359375 0.11484375
0 0.87734375 0.517578125 0.0859375 0.06484375
1 0.911328125 0.538671875 0.01796875 0.02265625
1 0.85234375 0.538671875 0.0203125 0.02265625
1 0.84453125 0.537109375 0.0140625 0.02578125
0 0.209375 0.580078125 0.1046875 0.06015625
1 0.179296875 0.58984375 0.02265625 0.03828125
1 0.168359375 0.58359375 0.01484375 0.0359375
1 0.249609375 0.58203125 0.02265625 0.04140625