0 0.20703125 0.2890625 0.090625 0.1046875
1 0.171484375 0.3140625 0.0171875 0.0546875
1 0.24296875 0.30546875 0.01875 0.05546875
0 0.6828125 0.045703125 0.0984375 0.09140625
1 0.641015625 0.055078125 0.01328125 0.05
1 0.65078125 0.063671875 0.01875 0.05546875
1 0.72265625 0.0625 0.01796875 0.0546875
0 0.19375 0.727734375 0.1015625 0.103125
1 0.15390625 0.75078125 0.01953125 0.05546875
1 0.225390625 0.750390625 0.0203125 0.0546875
1 0.23671875 0.75 0.01484375 0.04765625
0 0.50546875 0.634375 0.0984375 0.10625
1 0.463671875 0.651171875 0.01328125 0.05
1 0.47421875 0.659375 0.0171875 0.05625
1 0.54609375 0.658203125 0.0171875 0.0546875