0 0.1859375 0.212890625 0.078125 0.084375
1 0.15625 0.22734375 0.01796875 0.0453125
1 0.211328125 0.232421875 0.01796875 0.0453125
0 0.459375 0.102734375 0.0828125 0.08828125
1 0.425390625 0.111328125 0.0125 0.03984375
1 0.433984375 0.119140625 0.01640625 0.04609375
1 0.489453125 0.12265625 0.01640625 0.0453125
0 0.298046875 0.698828125 0.09609375 0.109375
1 0.26015625 0.720703125 0.01953125 0.05546875
1 0.33203125 0.718359375 0.021875 0.05625
0 0.6828125 0.908984375 0.08203125 0.09375
1 0.653515625 0.928125 0.01640625 0.0453125
1 0.7125 0.923046875 0.01875 0.0484375