0 0.0140625 0.07109375 0.028125 0.084375
1 0.016796875 0.087109375 0.01796875 0.0453125
0 0.487890625 0.28515625 0.10234375 0.11171875
1 0.455859375 0.3125 0.02109375 0.05390625
1 0.448046875 0.307421875 0.01640625 0.05078125
1 0.52734375 0.302734375 0.021875 0.05546875
0 0.115625 0.916796875 0.0671875 0.075
1 0.141796875 0.931640625 0.01484375 0.0375
1 0.091796875 0.934765625 0.0140625 0.03828125
0 0.876171875 0.879296875 0.24765625 0.24140625
1 0.79140625 0.9296875 0.04140625 0.1046875
1 0.86328125 0.933203125 0.0609375 0.12265625
1 0.990234375 0.92734375 0.01953125 0.128125