0 0.116796875 0.443359375 0.08203125 0.0859375
1 0.08515625 0.458203125 0.01796875 0.04453125
1 0.1421875 0.463671875 0.01875 0.04453125
0 0.46953125 0.647265625 0.1359375 0.10546875
1 0.428125 0.676953125 0.028125 0.04609375
1 0.412109375 0.676171875 0.01953125 0.04765625
1 0.516796875 0.68046875 0.03046875 0.0390625
0 0.203515625 0.725390625 0.07734375 0.05078125
1 0.173046875 0.71953125 0.0140625 0.03515625
1 0.183203125 0.728125 0.01640625 0.0375
1 0.230859375 0.731640625 0.015625 0.0390625
0 0.36328125 0.973828125 0.08125 0.05234375
1 0.332421875 0.992578125 0.01796875 0.01484375
1 0.3890625 0.99453125 0.01875 0.0109375