0 0.240625 0.455859375 0.1875 0.16796875
1 0.16328125 0.48515625 0.028125 0.07734375
1 0.189453125 0.493359375 0.03984375 0.09296875
1 0.30546875 0.499609375 0.040625 0.08046875
0 0.095703125 0.883984375 0.1296875 0.1375
1 0.04375 0.903515625 0.0234375 0.06328125
1 0.05625 0.911328125 0.028125 0.0671875
1 0.140234375 0.915625 0.02734375 0.06953125
0 0.71796875 0.69375 0.115625 0.12421875
1 0.75703125 0.7234375 0.02734375 0.06484375
1 0.6796875 0.716796875 0.025 0.06328125
1 0.66875 0.711328125 0.01484375 0.0546875