0 0.157421875 0.35859375 0.17890625 0.171875
1 0.08125 0.385546875 0.02421875 0.07578125
1 0.108203125 0.394140625 0.03515625 0.09375
1 0.225 0.3984375 0.0359375 0.090625
0 0.6703125 0.330078125 0.08203125 0.0890625
1 0.70078125 0.344140625 0.0171875 0.0453125
1 0.6359375 0.345703125 0.0125 0.04140625
1 0.643359375 0.349609375 0.01484375 0.04453125
0 0.657421875 0.665234375 0.08125 0.0921875
1 0.6234375 0.67578125 0.0125 0.04375
1 0.628515625 0.685546875 0.01640625 0.046875
1 0.68828125 0.687109375 0.015625 0.04609375