0 0.211328125 0.200390625 0.0765625 0.08125
1 0.180859375 0.21875 0.015625 0.04375
1 0.237890625 0.218359375 0.0140625 0.0453125
1 0.244921875 0.21796875 0.009375 0.0375
0 0.58046875 0.328515625 0.1 0.1015625
1 0.540234375 0.351171875 0.01875 0.05546875
1 0.61171875 0.351953125 0.01953125 0.0546875
1 0.623046875 0.3515625 0.0140625 0.046875
0 0.469921875 0.88203125 0.07890625 0.1453125
1 0.441796875 0.90625 0.0203125 0.0671875
1 0.46640625 0.91015625 0.028125 0.075
0 0.571875 0.6890625 0.065625 0.06875
1 0.598046875 0.6984375 0.0125 0.03671875
1 0.550390625 0.7046875 0.0125 0.0359375