0 0.338671875 0.32578125 0.11328125 0.090625
1 0.3796875 0.348828125 0.02265625 0.04375
1 0.303515625 0.341796875 0.02421875 0.04375
1 0.292578125 0.3328125 0.01796875 0.03828125
0 0.054296875 0.53125 0.0734375 0.07265625
1 0.08046875 0.548828125 0.01484375 0.0359375
1 0.03515625 0.54609375 0.015625 0.03359375
1 0.025 0.5375 0.01328125 0.03515625
0 0.841796875 0.748828125 0.08828125 0.0921875
1 0.873046875 0.77109375 0.01796875 0.04609375
1 0.81640625 0.7671875 0.01875 0.04453125
1 0.805859375 0.756640625 0.0140625 0.04296875