0 0.31875 0.10703125 0.109375 0.08515625
1 0.3609375 0.127734375 0.0203125 0.04296875
1 0.284375 0.124609375 0.021875 0.0421875
1 0.273046875 0.11640625 0.015625 0.03828125
0 0.839453125 0.266015625 0.09921875 0.07421875
1 0.878515625 0.283203125 0.01875 0.03671875
1 0.81171875 0.28203125 0.01875 0.03671875
1 0.798828125 0.275 0.0140625 0.03515625
0 0.18515625 0.685546875 0.0890625 0.09375
1 0.149609375 0.705859375 0.0171875 0.0484375
1 0.210546875 0.70703125 0.0171875 0.04921875
1 0.220703125 0.70703125 0.01171875 0.04296875
0 0.953515625 0.676171875 0.08828125 0.07109375
1 0.987109375 0.692578125 0.01796875 0.03671875
1 0.92109375 0.68984375 0.01875 0.0375