0 0.145703125 0.351953125 0.084375 0.08671875
1 0.11640625 0.371875 0.01953125 0.04609375
1 0.171484375 0.36875 0.01796875 0.0453125
1 0.18046875 0.36875 0.01484375 0.040625
0 0.6453125 0.328515625 0.0890625 0.090625
1 0.6109375 0.34296875 0.01328125 0.03828125
1 0.62421875 0.35 0.01875 0.04453125
1 0.68046875 0.345703125 0.01796875 0.0453125
0 0.00859375 0.952734375 0.0171875 0.09453125
1 0.00859375 0.972265625 0.0171875 0.04609375
0 0.789453125 0.925 0.23515625 0.15
1 0.700390625 0.973046875 0.03515625 0.05390625
1 0.748828125 0.971484375 0.04921875 0.05703125
1 0.880078125 0.96640625 0.05234375 0.0671875