0 0.069140625 0.5578125 0.08203125 0.0640625
1 0.09921875 0.575 0.0171875 0.0296875
1 0.040625 0.581640625 0.015625 0.01640625
0 0.823828125 0.46796875 0.12734375 0.1296875
1 0.77109375 0.48671875 0.0203125 0.0578125
1 0.78515625 0.49140625 0.0265625 0.06171875
1 0.8703125 0.4984375 0.02578125 0.06640625
0 0.0734375 0.969921875 0.08125 0.06015625
1 0.04140625 0.984765625 0.0140625 0.03046875
1 0.048828125 0.9875 0.01640625 0.025
1 0.102734375 0.99140625 0.01796875 0.0171875
0 0.952734375 0.909765625 0.09453125 0.17734375
1 0.920703125 0.934765625 0.02734375 0.0765625
1 0.94765625 0.94375 0.03828125 0.09453125