0 0.38125 0.38046875 0.028125 0.01953125
1 0.37578125 0.384765625 0.0046875 0.01015625
1 0.36953125 0.38515625 0.00390625 0.01015625
1 0.39296875 0.383203125 0.0046875 0.01015625
1 0.603515625 0.2046875 0.06796875 0.409375
0 0.2796875 0.72578125 0.0921875 0.0671875
1 0.254296875 0.741796875 0.01796875 0.03359375
1 0.240625 0.735546875 0.0125 0.03125
1 0.317578125 0.741015625 0.015625 0.03515625
0 0.9375 0.5171875 0.125 0.1
1 0.990625 0.540625 0.01875 0.053125
1 0.898828125 0.534765625 0.025 0.05078125
1 0.884765625 0.52890625 0.01796875 0.04375