0 0.212890625 0.20078125 0.08671875 0.0921875
1 0.1765625 0.21484375 0.01328125 0.040625
1 0.186328125 0.2203125 0.01640625 0.04453125
1 0.244921875 0.21875 0.01796875 0.046875
0 0.62265625 0.455078125 0.09765625 0.1109375
1 0.58515625 0.4765625 0.0203125 0.05625
1 0.65703125 0.47421875 0.02109375 0.05703125
0 0.21953125 0.893359375 0.10703125 0.11328125
1 0.17578125 0.907421875 0.0171875 0.0515625
1 0.1859375 0.91640625 0.021875 0.05546875
1 0.258984375 0.921484375 0.02109375 0.05703125
0 0.64609375 0.673046875 0.103125 0.109375
1 0.604296875 0.684765625 0.01640625 0.05078125
1 0.61328125 0.694140625 0.02109375 0.05546875
1 0.683984375 0.698828125 0.0203125 0.05546875