0 0.163671875 0.322265625 0.0859375 0.090625
1 0.127734375 0.334765625 0.0125 0.040625
1 0.1390625 0.34296875 0.01640625 0.04453125
1 0.196484375 0.341796875 0.01640625 0.0453125
0 0.780078125 0.1109375 0.07734375 0.08359375
1 0.808984375 0.128515625 0.0171875 0.0484375
1 0.749609375 0.126953125 0.01640625 0.046875
0 0.305859375 0.72890625 0.04453125 0.04765625
1 0.322265625 0.73828125 0.00859375 0.0265625
1 0.2890625 0.73828125 0.0109375 0.025
0 0.714453125 0.90234375 0.11015625 0.11875
1 0.7546875 0.930078125 0.02421875 0.06328125
1 0.676953125 0.927734375 0.021875 0.0625
1 0.666015625 0.92265625 0.01171875 0.05390625