1 0.105078125 0.234765625 0.01796875 0.04140625
1 0.05625 0.23671875 0.01484375 0.0375
1 0.04765625 0.230859375 0.0125 0.03515625
0 0.079296875 0.21953125 0.07734375 0.08359375
0 0.488671875 0.45625 0.08828125 0.0875
1 0.454296875 0.475390625 0.01953125 0.0484375
1 0.5140625 0.478515625 0.0203125 0.04296875
0 0.255078125 0.7328125 0.10859375 0.11328125
1 0.2109375 0.747265625 0.01796875 0.05
1 0.22109375 0.755078125 0.02265625 0.05390625
1 0.292578125 0.7625 0.0234375 0.0546875
0 0.40234375 0.984765625 0.065625 0.03046875