0 0.47265625 0.3765625 0.1171875 0.09453125
1 0.515234375 0.39921875 0.025 0.0453125
1 0.43671875 0.393359375 0.02578125 0.04453125
1 0.42421875 0.384765625 0.01796875 0.03984375
0 0.87421875 0.040234375 0.1109375 0.08046875
1 0.913671875 0.059375 0.02421875 0.04296875
1 0.840234375 0.051953125 0.02265625 0.0421875
1 0.82890625 0.04453125 0.01796875 0.0375
0 0.484375 0.61484375 0.0953125 0.0734375
1 0.51796875 0.632421875 0.0203125 0.03671875
1 0.452734375 0.625 0.01953125 0.0375
1 0.44453125 0.623046875 0.01328125 0.03359375
0 0.980859375 0.904296875 0.03828125 0.08203125
1 0.972265625 0.91875 0.02109375 0.0390625