1 0.485546875 0.421484375 0.00859375 0.04453125
1 0.32734375 0.419921875 0.015625 0.03203125
1 0.253125 0.418359375 0.0140625 0.0265625
1 0.18828125 0.4171875 0.009375 0.021875
0 0.2953125 0.41015625 0.09921875 0.0625
0 0.166015625 0.4109375 0.05546875 0.03671875
1 0.60703125 0.255078125 0.19453125 0.20625
1 0.71796875 0.086328125 0.00703125 0.01640625
1 0.7359375 0.083984375 0.0078125 0.015625
1 0.68828125 0.08671875 0.00625 0.015625
0 0.709375 0.0796875 0.06171875 0.03203125
0 0.50390625 0.77265625 0.028125 0.090625
1 0.509765625 0.79453125 0.015625 0.04453125