1 0.07109375 0.22109375 0.1421875 0.2015625
1 0.5296875 0.079296875 0.0359375 0.0515625
1 0.4234375 0.07109375 0.0296875 0.04375
1 0.254296875 0.066796875 0.015625 0.03125
1 0.180078125 0.063671875 0.01328125 0.0265625
1 0.115234375 0.061328125 0.009375 0.021875
0 0.222265625 0.05625 0.0984375 0.0609375
0 0.09296875 0.0546875 0.0546875 0.0359375
0 0.48359375 0.059375 0.1515625 0.0921875
0 0.221484375 0.4890625 0.1109375 0.0890625
1 0.265625 0.509765625 0.021875 0.0484375
1 0.1828125 0.505078125 0.021875 0.0453125
1 0.174609375 0.4984375 0.015625 0.0390625