0 0.00546875 0.11484375 0.0109375 0.021875
1 0.008203125 0.11796875 0.00546875 0.0109375
1 0.423828125 0.397265625 0.0390625 0.10234375
0 0.063671875 0.609765625 0.11171875 0.01953125
1 0.10703125 0.604296875 0.0234375 0.00859375
1 0.0328125 0.608984375 0.0234375 0.01796875
1 0.0203125 0.6046875 0.0171875 0.009375
1 0.53046875 0.845703125 0.015625 0.025
1 0.481640625 0.85078125 0.01328125 0.02421875
1 0.46328125 0.850390625 0.01484375 0.0234375
1 0.705859375 0.837890625 0.03046875 0.04375
1 0.640625 0.83671875 0.0234375 0.03515625
1 0.769140625 0.825390625 0.02890625 0.03828125
0 0.71640625 0.81953125 0.18359375 0.09609375
0 0.498828125 0.83671875 0.0921875 0.0578125