1 0.265625 0.200390625 0.0296875 0.04296875
1 0.2 0.207421875 0.0359375 0.0515625
1 0.09375 0.19921875 0.0296875 0.04375
0 0.19921875 0.187890625 0.2421875 0.0921875
0 0.68125 0.29375 0.08359375 0.08671875
1 0.64765625 0.313671875 0.015625 0.046875
1 0.70859375 0.313671875 0.015625 0.046875
1 0.718359375 0.312890625 0.0078125 0.0421875
0 0.209375 0.556640625 0.1015625 0.05390625
1 0.178515625 0.562890625 0.01953125 0.03984375
1 0.165625 0.556640625 0.0125 0.0359375
1 0.251171875 0.56015625 0.01875 0.0421875
0 0.85703125 0.737890625 0.10859375 0.084375
1 0.8203125 0.758203125 0.0203125 0.04296875
1 0.810546875 0.7515625 0.0140625 0.0390625
1 0.901171875 0.757421875 0.02109375 0.04375