1 0.193359375 0.44921875 0.19296875 0.18125
1 0.42734375 0.30703125 0.01796875 0.034375
1 0.393359375 0.303515625 0.01953125 0.034375
1 0.49296875 0.30546875 0.0203125 0.0375
1 0.29140625 0.300390625 0.01171875 0.02265625
1 0.2046875 0.29765625 0.00703125 0.0171875
0 0.451171875 0.291796875 0.13671875 0.07109375
0 0.26875 0.291015625 0.059375 0.04375
0 0.188671875 0.29296875 0.0421875 0.03046875
0 0.753515625 0.168359375 0.0875 0.0671875
1 0.788671875 0.1828125 0.01640625 0.03515625
1 0.726953125 0.184375 0.01875 0.034375
1 0.716015625 0.1796875 0.01171875 0.03203125
1 0.178125 0.945703125 0.2859375 0.10859375
1 0.790234375 0.93671875 0.20390625 0.1265625
1 0.577734375 0.84375 0.03203125 0.04453125
1 0.67421875 0.835546875 0.025 0.03984375
0 0.623046875 0.824609375 0.12734375 0.08671875