1 0.109375 0.196875 0.203125 0.20625
1 0.334375 0.034765625 0.01953125 0.03515625
1 0.30078125 0.0328125 0.02109375 0.0359375
1 0.4 0.0296875 0.02265625 0.0390625
1 0.198828125 0.03515625 0.0125 0.0234375
1 0.112109375 0.037109375 0.0078125 0.0171875
0 0.357421875 0.028515625 0.13984375 0.05703125
0 0.175390625 0.026953125 0.06171875 0.046875
0 0.095703125 0.033203125 0.04375 0.0328125
0 0.892578125 0.1921875 0.21484375 0.178125
1 0.98046875 0.221484375 0.0390625 0.09453125
1 0.8234375 0.23203125 0.04765625 0.0921875
1 0.80546875 0.223828125 0.02734375 0.0734375
0 0.882421875 0.93046875 0.11953125 0.1390625
1 0.92890625 0.957421875 0.025 0.0734375
1 0.840625 0.95625 0.0265625 0.06796875