0 0.205078125 0.33515625 0.03359375 0.021875
1 0.21796875 0.338671875 0.00625 0.01015625
1 0.19140625 0.339453125 0.00625 0.009375
1 0.473046875 0.2546875 0.12734375 0.215625
1 0.60390625 0.11171875 0.01484375 0.02421875
1 0.5546875 0.108203125 0.0125 0.0234375
1 0.536328125 0.104296875 0.0140625 0.0234375
1 0.777734375 0.134375 0.0296875 0.04296875
1 0.71328125 0.121875 0.021875 0.03515625
1 0.8421875 0.1328125 0.028125 0.0375
0 0.79140625 0.11796875 0.18125 0.08984375
0 0.573828125 0.097265625 0.09140625 0.05546875
0 0.28515625 0.662890625 0.2484375 0.18203125
1 0.382421875 0.70703125 0.0515625 0.0921875
1 0.220703125 0.69453125 0.0484375 0.09375
1 0.18046875 0.685546875 0.034375 0.07578125
1 0.628515625 0.740234375 0.203125 0.21640625