0 0.101171875 0.135546875 0.0859375 0.071875
1 0.13359375 0.14609375 0.01953125 0.03671875
1 0.071875 0.153515625 0.01953125 0.03671875
0 0.888671875 0.030859375 0.10234375 0.06171875
1 0.8640625 0.041796875 0.021875 0.03671875
1 0.850390625 0.0375 0.01484375 0.03125
1 0.92890625 0.033984375 0.021875 0.03828125
0 0.137109375 0.96484375 0.08671875 0.0703125
1 0.108203125 0.9859375 0.02109375 0.028125
1 0.16640625 0.983203125 0.0203125 0.03359375
0 0.533203125 0.540234375 0.11171875 0.08046875
1 0.576171875 0.55078125 0.02421875 0.0421875
1 0.499609375 0.55 0.02421875 0.04375
1 0.490234375 0.54453125 0.01953125 0.03828125