0 0.077734375 0.009375 0.11328125 0.01875
1 0.12265625 0.0078125 0.021875 0.015625
1 0.042578125 0.008984375 0.02109375 0.01796875
1 0.03125 0.005078125 0.015625 0.01015625
1 0.45546875 0.026171875 0.0140625 0.02421875
1 0.630859375 0.03046875 0.028125 0.0421875
1 0.565625 0.025 0.02109375 0.034375
1 0.694921875 0.02265625 0.0265625 0.03671875
1 0.97734375 0.02421875 0.0453125 0.0484375
0 0.642578125 0.02734375 0.17890625 0.0546875
0 0.454296875 0.020703125 0.02890625 0.04140625
1 0.753125 0.90625 0.01640625 0.03515625
1 0.690625 0.90859375 0.0171875 0.034375
0 0.72109375 0.893359375 0.08125 0.065625