0 0.07890625 0.2296875 0.0828125 0.0875
1 0.044921875 0.2375 0.01328125 0.0421875
1 0.053125 0.246484375 0.01640625 0.04296875
1 0.109765625 0.24921875 0.0171875 0.046875
0 0.397265625 0.3359375 0.09453125 0.10625
1 0.35625 0.35703125 0.0125 0.05625
1 0.42265625 0.361328125 0.02265625 0.05546875
1 0.433984375 0.36171875 0.01640625 0.04765625
0 0.280078125 0.85546875 0.08671875 0.08984375
1 0.24609375 0.8734375 0.01875 0.04609375
1 0.30625 0.8765625 0.01796875 0.046875
0 0.580859375 0.73046875 0.08046875 0.08515625
1 0.558203125 0.75 0.01640625 0.03984375
1 0.548046875 0.741015625 0.0140625 0.03671875
1 0.610546875 0.7515625 0.015625 0.0421875