0 0.117578125 0.418359375 0.0859375 0.090625
1 0.084765625 0.43828125 0.01796875 0.0453125
1 0.14609375 0.43828125 0.01640625 0.046875
0 0.56328125 0.303515625 0.0671875 0.08203125
1 0.535546875 0.316796875 0.01171875 0.03984375
1 0.58984375 0.321875 0.01484375 0.04296875
0 0.44296875 0.928125 0.1734375 0.14375
1 0.377734375 0.971484375 0.03046875 0.05703125
1 0.42578125 0.97109375 0.04375 0.0578125
0 0.783203125 0.809375 0.059375 0.06640625
1 0.7609375 0.823828125 0.01328125 0.03671875
1 0.80625 0.819140625 0.01328125 0.03828125