0 0.183203125 0.46484375 0.0921875 0.09609375
1 0.151953125 0.487109375 0.0203125 0.046875
1 0.212890625 0.4828125 0.01953125 0.04765625
0 0.6203125 0.497265625 0.090625 0.06484375
1 0.585546875 0.519140625 0.01484375 0.02109375
1 0.599609375 0.521484375 0.01953125 0.01640625
1 0.655859375 0.51796875 0.01953125 0.0234375
0 0.605078125 0.866796875 0.08984375 0.0921875
1 0.57109375 0.8828125 0.01484375 0.04296875
1 0.583203125 0.889453125 0.01796875 0.04375
1 0.640234375 0.8828125 0.01875 0.04609375