0 0.0984375 0.167578125 0.1140625 0.0921875
1 0.06328125 0.190625 0.0234375 0.04453125
1 0.053125 0.184375 0.0171875 0.03984375
1 0.14375 0.183984375 0.02421875 0.0453125
0 0.771875 0.31328125 0.09609375 0.0734375
1 0.74765625 0.33125 0.01953125 0.034375
1 0.733203125 0.326171875 0.01484375 0.0328125
1 0.81015625 0.325 0.01953125 0.0359375
0 0.1109375 0.572265625 0.1109375 0.0875
1 0.1546875 0.5875 0.02265625 0.04296875
1 0.07890625 0.5921875 0.021875 0.04296875
1 0.067578125 0.585546875 0.01640625 0.03671875
0 0.533984375 0.868359375 0.10625 0.084375
1 0.57578125 0.884765625 0.02109375 0.03984375
1 0.503515625 0.889453125 0.021875 0.040625
1 0.491015625 0.883203125 0.015625 0.0375