1 0.06328125 0.491015625 0.009375 0.0234375
1 0.11171875 0.494921875 0.01171875 0.02578125
1 0.031640625 0.480859375 0.00703125 0.01640625
1 0.025 0.482421875 0.00625 0.0140625
0 0.088671875 0.483984375 0.0609375 0.0515625
0 0.01875 0.473828125 0.0375 0.03359375
0 0.73125 0.25078125 0.09375 0.071875
1 0.765625 0.267578125 0.01953125 0.0359375
1 0.700390625 0.26171875 0.01875 0.0375
1 0.691796875 0.259765625 0.0125 0.03359375
0 0.8875 0.9234375 0.09375 0.071875
1 0.921875 0.940234375 0.01953125 0.0359375
1 0.856640625 0.934375 0.01875 0.0375
1 0.848046875 0.932421875 0.0125 0.03359375