0 0.137890625 0.262109375 0.1125 0.090625
1 0.1 0.28046875 0.02265625 0.04375
1 0.090625 0.2734375 0.01640625 0.03984375
1 0.180859375 0.283984375 0.0234375 0.0453125
1 0.701953125 0.41875 0.20078125 0.121875
1 0.917578125 0.3203125 0.0171875 0.03203125
1 0.843359375 0.31328125 0.01484375 0.02734375
1 0.77890625 0.307421875 0.01015625 0.021875
0 0.8859375 0.308203125 0.10078125 0.065625
0 0.75703125 0.299609375 0.05703125 0.03828125
0 0.466796875 0.569921875 0.07421875 0.08515625
1 0.491015625 0.590625 0.021875 0.04296875