1 0.194921875 0.433984375 0.1890625 0.2015625
1 0.32421875 0.2765625 0.0078125 0.02265625
1 0.37265625 0.2765625 0.009375 0.025
1 0.25390625 0.270703125 0.0046875 0.01484375
1 0.291796875 0.26953125 0.00625 0.015625
1 0.28515625 0.271484375 0.0046875 0.0140625
0 0.348828125 0.267578125 0.0578125 0.046875
0 0.273046875 0.2640625 0.0453125 0.0296875
0 0.233203125 0.262890625 0.03515625 0.0234375
1 0.987109375 0.5203125 0.02578125 0.04375
1 0.819921875 0.516015625 0.015625 0.03125
1 0.745703125 0.512890625 0.01328125 0.0265625
1 0.680859375 0.510546875 0.009375 0.021875
0 0.787890625 0.50546875 0.0984375 0.0609375
0 0.65859375 0.50390625 0.0546875 0.0359375
0 0.5640625 0.6390625 0.06875 0.084375
1 0.587890625 0.659765625 0.0203125 0.04296875