0 0.080859375 0.405859375 0.16171875 0.04765625
0 0.561328125 0.09140625 0.08515625 0.08984375
1 0.537890625 0.109765625 0.01640625 0.04453125
1 0.528515625 0.1046875 0.0140625 0.0421875
1 0.5953125 0.109765625 0.0171875 0.0453125
0 0.194921875 0.93828125 0.0890625 0.090625
1 0.162890625 0.959375 0.02109375 0.04765625
1 0.223828125 0.955859375 0.01796875 0.0484375
0 0.601953125 0.717578125 0.1046875 0.1109375
1 0.560546875 0.7359375 0.01640625 0.04921875
1 0.57109375 0.744140625 0.0203125 0.05625
1 0.643359375 0.740625 0.02109375 0.05546875