0 0.08671875 0.30234375 0.134375 0.1375
1 0.04609375 0.32734375 0.02734375 0.06953125
1 0.030078125 0.321875 0.01875 0.0609375
1 0.134375 0.334375 0.0296875 0.07265625
0 0.60390625 0.228125 0.08359375 0.09375
1 0.575 0.24921875 0.0171875 0.04296875
1 0.633203125 0.24375 0.01953125 0.04609375
1 0.572265625 0.24296875 0.01796875 0.040625
0 0.532421875 0.68046875 0.08046875 0.0828125
1 0.500390625 0.6890625 0.01484375 0.040625
1 0.509375 0.697265625 0.0171875 0.0421875
1 0.561328125 0.7 0.0171875 0.04375