0 0.2359375 0.4578125 0.08828125 0.090625
1 0.201953125 0.4734375 0.01875 0.0484375
1 0.261328125 0.478515625 0.01796875 0.04765625
0 0.505859375 0.194921875 0.090625 0.08984375
1 0.470703125 0.20390625 0.0125 0.04140625
1 0.48203125 0.21328125 0.01796875 0.04453125
1 0.5390625 0.215234375 0.01875 0.04453125
0 0.048828125 0.690234375 0.09765625 0.13046875
1 0.00703125 0.70703125 0.0140625 0.065625
1 0.081640625 0.721484375 0.0234375 0.06796875
0 0.628125 0.870703125 0.0875 0.0953125
1 0.65859375 0.89296875 0.0203125 0.0515625
1 0.594140625 0.888671875 0.01796875 0.05078125