0 0.262890625 0.4265625 0.08984375 0.0859375
1 0.293359375 0.445703125 0.0203125 0.04609375
1 0.23515625 0.45 0.0203125 0.0390625
0 0.7 0.30390625 0.08359375 0.0890625
1 0.67265625 0.32578125 0.01953125 0.04453125
1 0.729296875 0.318359375 0.0203125 0.0453125
0 0.0203125 0.959765625 0.040625 0.08046875
1 0.0296875 0.979296875 0.0203125 0.04140625
0 0.620703125 0.709375 0.084375 0.08984375
1 0.590234375 0.724609375 0.01484375 0.03984375
1 0.600390625 0.73203125 0.01875 0.0421875
1 0.653125 0.725390625 0.01953125 0.0421875