0 0.36640625 0.024609375 0.0859375 0.04921875
1 0.399609375 0.026171875 0.01796875 0.0375
1 0.33203125 0.029296875 0.0171875 0.03828125
0 0.798046875 0.2328125 0.1109375 0.08515625
1 0.8421875 0.2515625 0.02109375 0.04375
1 0.763671875 0.25234375 0.021875 0.04296875
1 0.750390625 0.2453125 0.01484375 0.03828125
1 0.605078125 0.908203125 0.19921875 0.18359375
0 0.948046875 0.597265625 0.10390625 0.08359375
1 0.99140625 0.6171875 0.0171875 0.0421875
1 0.916015625 0.615234375 0.02109375 0.0421875
1 0.904296875 0.607421875 0.01484375 0.0375