0 0.252734375 0.15234375 0.09453125 0.0828125
1 0.220703125 0.174609375 0.021875 0.0390625
1 0.287109375 0.160546875 0.0234375 0.040625
0 0.429296875 0.06171875 0.05859375 0.09375
1 0.448046875 0.07421875 0.01953125 0.04453125
0 0.11328125 0.8703125 0.09140625 0.09375
1 0.1484375 0.885546875 0.01953125 0.04609375
1 0.091796875 0.892578125 0.0203125 0.04609375
1 0.08125 0.887890625 0.015625 0.04140625
0 0.56796875 0.477734375 0.09921875 0.0765625
1 0.544140625 0.496484375 0.02109375 0.0359375
1 0.53125 0.49140625 0.015625 0.0328125
1 0.60703125 0.48828125 0.02109375 0.03671875