0 0.448828125 0.2015625 0.09765625 0.109375
1 0.405859375 0.215625 0.01171875 0.05
1 0.4140625 0.22421875 0.01953125 0.05703125
1 0.4859375 0.228125 0.01875 0.05546875
0 0.32890625 0.916796875 0.0828125 0.08515625
1 0.297265625 0.933203125 0.01875 0.04609375
1 0.352734375 0.936328125 0.0171875 0.0453125
1 0.36171875 0.937890625 0.0140625 0.040625
0 0.525 0.841796875 0.146875 0.153125
1 0.463671875 0.866015625 0.021875 0.06875
1 0.481640625 0.87265625 0.028125 0.0796875
1 0.57890625 0.876953125 0.03203125 0.0796875