1 0.412109375 0.3015625 0.025 0.046875
1 0.401953125 0.295703125 0.01796875 0.0421875
1 0.496875 0.30078125 0.025 0.0484375
0 0.450390625 0.28359375 0.11796875 0.09375
0 0.869140625 0.22421875 0.1125 0.08984375
1 0.8234375 0.23359375 0.015625 0.03671875
1 0.83515625 0.23828125 0.0234375 0.04375
1 0.913671875 0.239453125 0.02265625 0.0484375
0 0.163671875 0.45859375 0.1078125 0.08515625
1 0.205859375 0.476171875 0.02109375 0.04140625
1 0.13203125 0.4796875 0.02265625 0.0421875
1 0.11953125 0.47265625 0.01640625 0.0375
0 0.82578125 0.546484375 0.08984375 0.07734375
1 0.792578125 0.566015625 0.01953125 0.03828125
1 0.859765625 0.556640625 0.02109375 0.03984375