1 0.060546875 0.307421875 0.12109375 0.06484375
1 0.211328125 0.215625 0.0078125 0.01875
1 0.21953125 0.212109375 0.0078125 0.01875
1 0.1703125 0.2140625 0.009375 0.0203125
0 0.19375 0.205859375 0.059375 0.03984375
0 0.141796875 0.205078125 0.04375 0.03046875
1 0.15234375 0.21015625 0.0078125 0.0140625
0 0.01875 0.696875 0.0375 0.084375
1 0.03046875 0.7171875 0.0140625 0.04375
0 0.891015625 0.733203125 0.11015625 0.084375
1 0.93515625 0.752734375 0.0203125 0.04453125
1 0.855078125 0.753515625 0.0203125 0.04296875
1 0.843359375 0.746875 0.0140625 0.0390625