1 0.068359375 0.234765625 0.0078125 0.01875
1 0.0765625 0.230859375 0.0078125 0.01875
1 0.02734375 0.234375 0.009375 0.0203125
0 0.05078125 0.225390625 0.06015625 0.0421875
0 0.010546875 0.226171875 0.02109375 0.03203125
1 0.009375 0.23125 0.0078125 0.01484375
0 0.740234375 0.111328125 0.12109375 0.08359375
1 0.715625 0.1265625 0.02265625 0.040625
1 0.691796875 0.123046875 0.01640625 0.034375
1 0.78828125 0.128515625 0.0234375 0.04140625
0 0.5453125 0.73125 0.10234375 0.08125
1 0.515625 0.7515625 0.02109375 0.0390625
1 0.503125 0.745703125 0.0140625 0.03671875
1 0.587109375 0.746875 0.01875 0.03984375