0 0.049609375 0.237890625 0.078125 0.0625
1 0.01953125 0.25234375 0.015625 0.03125
1 0.080859375 0.247265625 0.015625 0.03125
0 0.723828125 0.074609375 0.09609375 0.071875
1 0.693359375 0.087890625 0.0171875 0.0375
1 0.683203125 0.08515625 0.0125 0.034375
1 0.7625 0.091015625 0.01796875 0.0390625
0 0.30390625 0.840625 0.096875 0.075
1 0.27109375 0.85546875 0.01953125 0.03984375
1 0.262109375 0.848046875 0.0125 0.034375
1 0.343359375 0.856640625 0.0171875 0.0421875
0 0.8203125 0.910546875 0.215625 0.165625
1 0.9046875 0.9421875 0.0453125 0.0890625
1 0.744140625 0.946875 0.0421875 0.090625
1 0.7265625 0.93828125 0.02578125 0.071875