1 0.00390625 0.278515625 0.0078125 0.04140625
0 0.756640625 0.40546875 0.0828125 0.08671875
1 0.7234375 0.41875 0.0125 0.04140625
1 0.732421875 0.427734375 0.01484375 0.04140625
1 0.7890625 0.42265625 0.01640625 0.04375
0 0.3359375 0.961328125 0.1046875 0.07734375
1 0.377734375 0.985546875 0.02109375 0.02890625
1 0.302734375 0.987890625 0.02109375 0.02421875
0 0.694921875 0.946484375 0.0828125 0.08984375
1 0.661328125 0.96015625 0.0125 0.04140625
1 0.669921875 0.96796875 0.01640625 0.04609375
1 0.728125 0.966015625 0.015625 0.046875