1 0.090234375 0.71953125 0.18046875 0.2109375
1 0.21796875 0.56875 0.00859375 0.02265625
1 0.26640625 0.571484375 0.0109375 0.02578125
1 0.148046875 0.559375 0.00546875 0.01484375
1 0.1859375 0.56015625 0.00703125 0.015625
1 0.179296875 0.56171875 0.00546875 0.0140625
0 0.24296875 0.561328125 0.06015625 0.05
0 0.167578125 0.55390625 0.046875 0.03203125
0 0.127734375 0.550390625 0.03671875 0.02578125
0 0.665234375 0.722265625 0.08203125 0.09375
1 0.633984375 0.74140625 0.01953125 0.0484375
1 0.694921875 0.738671875 0.01953125 0.04921875