0 0.026953125 0.387109375 0.05390625 0.09140625
1 0.042578125 0.4078125 0.0171875 0.0453125
0 0.52421875 0.54609375 0.084375 0.0671875
1 0.48984375 0.561328125 0.0140625 0.03671875
1 0.4984375 0.565625 0.0171875 0.028125
1 0.555078125 0.56640625 0.01796875 0.0265625
0 0.38984375 0.904296875 0.1390625 0.19140625
1 0.353515625 0.955859375 0.04140625 0.08828125
1 0.42421875 0.958203125 0.0609375 0.08359375
0 0.800390625 0.9671875 0.06328125 0.065625
1 0.822265625 0.983203125 0.01328125 0.03359375
1 0.7765625 0.98125 0.0140625 0.0359375