0 0.069140625 0.316796875 0.06640625 0.02578125
0 0.03203125 0.321875 0.0484375 0.015625
1 0.084765625 0.32578125 0.01015625 0.0078125
1 0.096484375 0.32421875 0.01015625 0.0109375
0 0.260546875 0.65390625 0.1078125 0.0875
1 0.232421875 0.676171875 0.0234375 0.03984375
1 0.219140625 0.67109375 0.01640625 0.0375
1 0.303125 0.66640625 0.02109375 0.040625
0 0.86328125 0.80546875 0.09296875 0.09453125
1 0.831640625 0.827734375 0.021875 0.0484375
1 0.8921875 0.821875 0.01953125 0.04765625
1 0.9015625 0.8203125 0.01328125 0.04140625