0 0.14453125 0.36953125 0.0890625 0.08828125
1 0.110546875 0.3828125 0.01171875 0.04140625
1 0.12265625 0.390625 0.0171875 0.04375
1 0.1796875 0.3859375 0.01796875 0.04375
0 0.780859375 0.38203125 0.04296875 0.04921875
1 0.797265625 0.3921875 0.01015625 0.025
1 0.76484375 0.394140625 0.0078125 0.0234375
0 0.070703125 0.73125 0.1234375 0.13359375
1 0.02578125 0.762109375 0.02578125 0.06953125
1 0.115625 0.758203125 0.0234375 0.06953125
0 0.617578125 0.747265625 0.07578125 0.075
1 0.587109375 0.758984375 0.01171875 0.03671875
1 0.5984375 0.765625 0.015625 0.0375
1 0.648046875 0.762109375 0.01484375 0.0390625