0 0.128515625 0.58828125 0.096875 0.07578125
1 0.103515625 0.607421875 0.01953125 0.0359375
1 0.090234375 0.602734375 0.01484375 0.03359375
1 0.166015625 0.6 0.0203125 0.0359375
1 0.811328125 0.862109375 0.20625 0.2171875
1 0.926171875 0.694140625 0.009375 0.0234375
1 0.974609375 0.68984375 0.01171875 0.02578125
1 0.855859375 0.69453125 0.00625 0.01484375
1 0.893359375 0.68984375 0.00703125 0.01640625
1 0.887109375 0.692578125 0.00625 0.0140625
0 0.95 0.6828125 0.0609375 0.0515625
0 0.87421875 0.6859375 0.04765625 0.03359375
0 0.834375 0.68828125 0.03671875 0.0265625