0 0.10390625 0.16015625 0.0875 0.08984375
1 0.06953125 0.173828125 0.0140625 0.0421875
1 0.08203125 0.181640625 0.01875 0.0453125
1 0.137890625 0.17734375 0.01796875 0.0453125
0 0.78984375 0.38671875 0.12734375 0.13515625
1 0.74140625 0.414453125 0.02265625 0.0625
1 0.7546875 0.4203125 0.0265625 0.06640625
1 0.838671875 0.411328125 0.0265625 0.06953125
0 0.172265625 0.958203125 0.11328125 0.08359375
1 0.215625 0.984375 0.0265625 0.03125
1 0.137890625 0.9875 0.02421875 0.025
1 0.1265625 0.987890625 0.0140625 0.02421875
0 0.449609375 0.875390625 0.08984375 0.10546875
1 0.41796875 0.89921875 0.01875 0.0515625
1 0.484375 0.89609375 0.01953125 0.053125