0 0.2484375 0.15234375 0.040625 0.046875
1 0.23359375 0.16328125 0.009375 0.0234375
1 0.264453125 0.161328125 0.00859375 0.02578125
0 0.812890625 0.078515625 0.23359375 0.15703125
1 0.719921875 0.090234375 0.03046875 0.090625
1 0.770703125 0.09765625 0.0421875 0.10859375
1 0.905078125 0.09609375 0.04921875 0.11484375
0 0.205078125 0.608203125 0.0796875 0.084375
1 0.171484375 0.620703125 0.01171875 0.0421875
1 0.181640625 0.62890625 0.0140625 0.04296875
1 0.23671875 0.6265625 0.01484375 0.04140625