0 0.663671875 0.136328125 0.0828125 0.0890625
1 0.6953125 0.157421875 0.01640625 0.04609375
1 0.6390625 0.155859375 0.01484375 0.04453125
1 0.629296875 0.148828125 0.01328125 0.0421875
1 0.58984375 0.97734375 0.196875 0.0453125
1 0.831640625 0.917578125 0.01875 0.034375
1 0.798046875 0.912109375 0.0203125 0.03515625
1 0.897265625 0.91953125 0.02109375 0.03828125
1 0.696484375 0.90390625 0.0125 0.02265625
1 0.609765625 0.896484375 0.00703125 0.0171875
0 0.85625 0.903515625 0.1375 0.0734375
0 0.67421875 0.893359375 0.06015625 0.04453125
0 0.594140625 0.891015625 0.04296875 0.03125