0 0.13671875 0.234375 0.08515625 0.08984375
1 0.110546875 0.253515625 0.01796875 0.04375
1 0.101953125 0.24375 0.01328125 0.04140625
1 0.168359375 0.256640625 0.01484375 0.04453125
0 0.9390625 0.108984375 0.0875 0.0953125
1 0.969921875 0.1328125 0.01875 0.046875
1 0.91171875 0.12421875 0.01796875 0.04609375
1 0.90390625 0.115625 0.0140625 0.03984375
0 0.2703125 0.426171875 0.1078125 0.05234375
1 0.3109375 0.43125 0.021875 0.04140625
1 0.2375 0.426953125 0.021875 0.03984375
1 0.226171875 0.41796875 0.01796875 0.0359375