0 0.01171875 0.3390625 0.0234375 0.0453125
1 0.018359375 0.348828125 0.009375 0.025
0 0.729296875 0.194921875 0.021875 0.0171875
1 0.721484375 0.198828125 0.0046875 0.01015625
1 0.737890625 0.1984375 0.0046875 0.0109375
0 0.036328125 0.9328125 0.07265625 0.084375
1 0.0078125 0.95234375 0.0140625 0.0453125
1 0.001953125 0.94453125 0.00390625 0.040625
1 0.06484375 0.95234375 0.01484375 0.0453125
0 0.74765625 0.716015625 0.08125 0.0859375
1 0.723046875 0.737109375 0.0140625 0.04375
1 0.7140625 0.728515625 0.01171875 0.0390625
1 0.780859375 0.736328125 0.0140625 0.04453125