0 0.0140625 0.305859375 0.028125 0.06171875
1 0.021484375 0.3140625 0.0125 0.02734375
0 0.93359375 0.21875 0.1328125 0.1859375
1 0.9046875 0.255859375 0.04140625 0.07578125
1 0.965625 0.258203125 0.06015625 0.09375
0 0.053125 0.9453125 0.10625 0.109375
1 0.083203125 0.978125 0.03359375 0.04375
1 0.093359375 0.97578125 0.02265625 0.0484375
0 0.69765625 0.609765625 0.10859375 0.0890625
1 0.66953125 0.632421875 0.02421875 0.040625
1 0.656640625 0.627734375 0.0171875 0.0375
1 0.740234375 0.621484375 0.021875 0.040625