0 0.604296875 0.191796875 0.1140625 0.090625
1 0.649609375 0.208984375 0.02265625 0.0453125
1 0.56953125 0.213671875 0.021875 0.04375
1 0.557421875 0.2078125 0.01640625 0.03984375
0 0.1546875 0.605859375 0.10390625 0.08125
1 0.196875 0.621484375 0.01796875 0.040625
1 0.123828125 0.62421875 0.02109375 0.03984375
1 0.112890625 0.61953125 0.015625 0.0359375
0 0.595703125 0.528515625 0.1078125 0.0859375
1 0.638671875 0.54453125 0.02109375 0.04140625
1 0.564453125 0.55 0.02109375 0.0421875
1 0.5515625 0.54375 0.01484375 0.0359375