0 0.765234375 0.040234375 0.23203125 0.08046875
1 0.853125 0.028125 0.0546875 0.05625
1 0.693359375 0.0390625 0.05078125 0.078125
1 0.675 0.03046875 0.0328125 0.0609375
0 0.091015625 0.689453125 0.09453125 0.09921875
1 0.06640625 0.713671875 0.0203125 0.04765625
1 0.056640625 0.705859375 0.015625 0.04453125
1 0.128125 0.705859375 0.01875 0.05
0 0.579296875 0.77578125 0.09921875 0.0875
1 0.616796875 0.791015625 0.02265625 0.03984375
1 0.544921875 0.798046875 0.0234375 0.04140625
1 0.534765625 0.7921875 0.01015625 0.0375