0 0.22578125 0.06015625 0.08828125 0.0703125
1 0.259375 0.072265625 0.01875 0.034375
1 0.198828125 0.077734375 0.01953125 0.0328125
1 0.18984375 0.073828125 0.0125 0.03046875
0 0.6265625 0.137109375 0.1015625 0.078125
1 0.59765625 0.15625 0.02109375 0.03828125
1 0.585546875 0.14921875 0.015625 0.0359375
1 0.66640625 0.15234375 0.0203125 0.0390625
0 0.396875 0.771484375 0.08671875 0.09296875
1 0.3734375 0.792578125 0.01796875 0.04453125
1 0.3640625 0.786328125 0.0125 0.0421875
1 0.432421875 0.790234375 0.015625 0.04609375