1 0.907421875 0.30234375 0.03203125 0.04453125
1 0.995703125 0.294140625 0.00859375 0.03984375
1 0.85 0.2984375 0.025 0.0421875
0 0.904296875 0.283203125 0.19140625 0.08671875
0 0.15625 0.4578125 0.1046875 0.0765625
1 0.19765625 0.47421875 0.0203125 0.04140625
1 0.123828125 0.47578125 0.01953125 0.040625
1 0.112109375 0.469921875 0.01484375 0.03671875
0 0.64765625 0.73359375 0.06875 0.06796875
1 0.675390625 0.7484375 0.0125 0.03515625
1 0.630078125 0.750390625 0.01328125 0.0328125
1 0.619140625 0.74296875 0.0109375 0.034375