0 0.119140625 0.240234375 0.10234375 0.11171875
1 0.083984375 0.262890625 0.02109375 0.05390625
1 0.076953125 0.256640625 0.01640625 0.05078125
1 0.155859375 0.262890625 0.021875 0.05546875
0 0.89765625 0.115234375 0.08359375 0.0859375
1 0.8640625 0.1234375 0.0140625 0.03984375
1 0.8734375 0.1328125 0.0171875 0.04296875
1 0.927734375 0.136328125 0.01796875 0.04296875
0 0.26953125 0.758203125 0.0890625 0.09296875
1 0.234765625 0.776171875 0.01953125 0.046875
1 0.29609375 0.7796875 0.01875 0.0484375