0 0.137890625 0.187890625 0.09140625 0.0953125
1 0.17265625 0.21015625 0.01640625 0.05
1 0.110546875 0.2078125 0.01875 0.0484375
1 0.1 0.19765625 0.0140625 0.046875
0 0.540234375 0.023046875 0.08359375 0.04609375
1 0.50546875 0.017578125 0.0125 0.03515625
1 0.5140625 0.02109375 0.015625 0.0421875
1 0.571875 0.01875 0.0171875 0.0375
0 0.623046875 0.803515625 0.0828125 0.08828125
1 0.596875 0.822265625 0.015625 0.04296875
1 0.587890625 0.81640625 0.01171875 0.0390625
1 0.65390625 0.819921875 0.01640625 0.04453125