0 0.125 0.066796875 0.065625 0.06953125
1 0.1515625 0.081640625 0.0125 0.03359375
1 0.11015625 0.083984375 0.0140625 0.0328125
1 0.1 0.07734375 0.01171875 0.0328125
0 0.880859375 0.16484375 0.11328125 0.08984375
1 0.92578125 0.181640625 0.02421875 0.04609375
1 0.846484375 0.187109375 0.0234375 0.04453125
1 0.834765625 0.18125 0.01640625 0.040625
0 0.02734375 0.77421875 0.0546875 0.084375
1 0.0421875 0.790234375 0.0234375 0.04296875
0 0.6796875 0.78828125 0.08984375 0.07578125
1 0.7140625 0.799609375 0.0203125 0.0390625
1 0.647265625 0.806640625 0.01953125 0.03828125