0 0.437109375 0.218359375 0.07421875 0.08671875
1 0.465234375 0.2390625 0.01484375 0.0453125
1 0.408203125 0.237890625 0.015625 0.04296875
1 0.401953125 0.230078125 0.00390625 0.03984375
0 0.130859375 0.68984375 0.08515625 0.08984375
1 0.105859375 0.7109375 0.01640625 0.04375
1 0.096484375 0.701171875 0.01328125 0.04140625
1 0.163671875 0.7125 0.015625 0.04375
0 0.84453125 0.6234375 0.10234375 0.08125
1 0.81328125 0.64140625 0.02109375 0.0390625
1 0.801171875 0.634765625 0.0140625 0.03671875
1 0.884765625 0.64140625 0.01875 0.03984375