0 0.8984375 0.18046875 0.103125 0.08359375
1 0.8703125 0.2015625 0.021875 0.03828125
1 0.8578125 0.198828125 0.015625 0.0359375
1 0.937890625 0.189453125 0.021875 0.03984375
1 0.109765625 0.89296875 0.20859375 0.2140625
1 0.255078125 0.7265625 0.015625 0.02421875
1 0.205859375 0.730859375 0.0125 0.02421875
1 0.1875 0.73046875 0.01484375 0.0234375
1 0.430078125 0.721875 0.0296875 0.04375
1 0.36484375 0.719921875 0.02265625 0.03515625
0 0.409765625 0.719921875 0.11953125 0.06015625
0 0.22265625 0.71796875 0.0921875 0.05625