0 0.25546875 0.214453125 0.0859375 0.090625
1 0.2890625 0.23125 0.01796875 0.04296875
1 0.234375 0.237109375 0.01875 0.04296875
1 0.223828125 0.23046875 0.0140625 0.04140625
0 0.964453125 0.340234375 0.07109375 0.08046875
1 0.94453125 0.3609375 0.0234375 0.03828125
0 0.44140625 0.558984375 0.02265625 0.0203125
1 0.45 0.5625 0.0046875 0.00859375
1 0.433984375 0.5640625 0.00546875 0.009375
1 0.16171875 0.609375 0.01953125 0.0265625
1 0.095703125 0.619140625 0.02265625 0.03359375
1 0.006640625 0.633203125 0.01328125 0.04140625
1 0.019921875 0.62734375 0.02265625 0.034375
0 0.1203125 0.60390625 0.10546875 0.0703125
0 0.05390625 0.609375 0.1078125 0.078125