0 0.08515625 0.11484375 0.1703125 0.1875
1 0.14453125 0.15703125 0.03359375 0.1015625
1 0.01796875 0.148046875 0.0359375 0.09765625
1 0.34296875 0.384765625 0.0125 0.021875
0 0.33984375 0.374609375 0.0203125 0.04296875
0 0.212109375 0.76015625 0.0828125 0.090625
1 0.244921875 0.782421875 0.01484375 0.0453125
1 0.18671875 0.776953125 0.0171875 0.04453125
1 0.17734375 0.771484375 0.0125 0.04375
0 0.6765625 0.6171875 0.08671875 0.0703125
1 0.709765625 0.632421875 0.01796875 0.03828125
1 0.642578125 0.633203125 0.01796875 0.03515625