0 0.78671875 0.20703125 0.08828125 0.075
1 0.819921875 0.216015625 0.01953125 0.034375
1 0.7609375 0.227734375 0.01875 0.0328125
1 0.75390625 0.22421875 0.0140625 0.03046875
0 0.210546875 0.59140625 0.10078125 0.07578125
1 0.185546875 0.6078125 0.02109375 0.0375
1 0.17265625 0.608984375 0.01640625 0.03359375
1 0.250390625 0.601953125 0.01953125 0.0375
0 0.813671875 0.89921875 0.096875 0.10625
1 0.787890625 0.924609375 0.0203125 0.04921875
1 0.77890625 0.917578125 0.01796875 0.046875
1 0.851953125 0.91875 0.01953125 0.05078125