0 0.134765625 0.42265625 0.10546875 0.0734375
1 0.104296875 0.4515625 0.02265625 0.015625
1 0.09453125 0.44921875 0.0171875 0.0203125
1 0.175390625 0.445703125 0.02265625 0.02734375
0 0.66953125 0.41640625 0.1078125 0.0859375
1 0.628515625 0.4421875 0.01640625 0.034375
1 0.63984375 0.444921875 0.0234375 0.02890625
1 0.711328125 0.441015625 0.02265625 0.03671875
0 0.26015625 0.723046875 0.21875 0.24765625
1 0.1859375 0.7671875 0.03828125 0.1
1 0.244140625 0.772265625 0.0546875 0.1203125
0 0.4890625 0.937109375 0.08515625 0.0859375
1 0.45625 0.950390625 0.0140625 0.0390625
1 0.467578125 0.9578125 0.01796875 0.04296875
1 0.52265625 0.95234375 0.01796875 0.04296875