0 0.13046875 0.175390625 0.1015625 0.11015625
1 0.099609375 0.202734375 0.02109375 0.05390625
1 0.090234375 0.19609375 0.015625 0.05
1 0.170703125 0.194921875 0.0203125 0.05625
0 0.403515625 0.858203125 0.11171875 0.17734375
1 0.366015625 0.890234375 0.02734375 0.07421875
1 0.406640625 0.89765625 0.03828125 0.09453125
0 0.593359375 0.737109375 0.10078125 0.109375
1 0.55234375 0.755859375 0.01484375 0.0484375
1 0.562890625 0.763671875 0.0203125 0.05546875
1 0.63359375 0.759375 0.0203125 0.05703125