1 0.267578125 0.474609375 0.28515625 0.15078125
1 0.171875 0.367578125 0.025 0.03984375
1 0.256640625 0.374609375 0.0359375 0.05
1 0.326953125 0.373828125 0.02734375 0.0421875
0 0.244921875 0.353125 0.1953125 0.09609375
0 0.553515625 0.23984375 0.09296875 0.06875
1 0.527734375 0.25546875 0.01875 0.03359375
1 0.514453125 0.24921875 0.01328125 0.03203125
1 0.591015625 0.255859375 0.01640625 0.03515625
1 0.923828125 0.846875 0.03515625 0.078125
1 0.980078125 0.85390625 0.03984375 0.0953125
0 0.9484375 0.839453125 0.103125 0.12734375