1 0.07890625 0.400390625 0.1578125 0.23828125
1 0.058203125 0.25546875 0.028125 0.04296875
0 0.03671875 0.238671875 0.0734375 0.09921875
0 0.56328125 0.056640625 0.0875 0.06640625
1 0.580859375 0.0671875 0.0203125 0.0328125
1 0.5296875 0.0703125 0.0203125 0.0328125
1 0.75625 0.065234375 0.034375 0.0453125
1 0.9125 0.065625 0.0375 0.0515625
0 0.868359375 0.0484375 0.26328125 0.096875
0 0.216796875 0.578125 0.08671875 0.06875
1 0.25 0.590625 0.01796875 0.034375
1 0.18984375 0.594921875 0.01875 0.0328125
1 0.18046875 0.591015625 0.0125 0.03046875