0 0.030859375 0.142578125 0.06171875 0.08515625
1 0.053515625 0.16015625 0.015625 0.0453125
1 0.002734375 0.162890625 0.00546875 0.04296875
0 0.380859375 0.52890625 0.1125 0.0875
1 0.425 0.546484375 0.0234375 0.0453125
1 0.345703125 0.550390625 0.02265625 0.04375
1 0.334375 0.544140625 0.015625 0.040625
1 0.97265625 0.880078125 0.0546875 0.23046875
1 0.834765625 0.74140625 0.0328125 0.0453125
1 0.930859375 0.731640625 0.02578125 0.03984375
1 0.776953125 0.73828125 0.02578125 0.04296875
0 0.839453125 0.722265625 0.209375 0.090625