0 0.17265625 0.23671875 0.08984375 0.09296875
1 0.203515625 0.259765625 0.01875 0.04609375
1 0.147265625 0.2546875 0.01953125 0.0453125
1 0.13671875 0.244140625 0.01484375 0.04296875
0 0.09375 0.926953125 0.14140625 0.075
1 0.134765625 0.94296875 0.02265625 0.03359375
1 0.083203125 0.93984375 0.02421875 0.034375
1 0.03515625 0.929296875 0.02265625 0.0296875
1 0.30859375 0.965625 0.0375 0.04765625
1 0.46328125 0.98046875 0.040625 0.0390625
0 0.419140625 0.951171875 0.26171875 0.09765625
0 0.66953125 0.744921875 0.090625 0.09453125
1 0.635546875 0.761328125 0.021875 0.04609375
1 0.694921875 0.76796875 0.0203125 0.0453125