0 0.058984375 0.16328125 0.08515625 0.08828125
1 0.03515625 0.184375 0.01640625 0.04375
1 0.025 0.17578125 0.0140625 0.0421875
1 0.09296875 0.180859375 0.015625 0.04453125
0 0.883984375 0.16953125 0.11328125 0.08984375
1 0.92890625 0.186328125 0.02421875 0.04609375
1 0.849609375 0.191796875 0.0234375 0.04453125
1 0.837890625 0.1859375 0.01640625 0.040625
0 0.25546875 0.68515625 0.09921875 0.075
1 0.230078125 0.703515625 0.01953125 0.0359375
1 0.21640625 0.6984375 0.0140625 0.03125
1 0.294921875 0.69921875 0.01953125 0.0375
0 0.68828125 0.687109375 0.08125 0.0921875
1 0.660546875 0.709375 0.02109375 0.046875
1 0.71953125 0.696484375 0.01796875 0.0484375