1 0.25 0.16796875 0.01953125 0.0359375
1 0.189453125 0.1765625 0.02265625 0.03671875
1 0.178125 0.172265625 0.01328125 0.034375
0 0.2140625 0.158203125 0.09296875 0.07578125
1 0.54609375 0.29609375 0.00703125 0.01015625
1 0.56328125 0.294140625 0.0046875 0.009375
0 0.554296875 0.29140625 0.025 0.0203125
0 0.23046875 0.8171875 0.1171875 0.09453125
1 0.2765625 0.830078125 0.025 0.0453125
1 0.198828125 0.840625 0.02578125 0.04453125
1 0.184765625 0.83515625 0.01796875 0.03984375
1 0.44296875 0.789453125 0.00625 0.04609375