0 0.3 0.1828125 0.1 0.1125
1 0.269140625 0.211328125 0.02109375 0.0546875
1 0.2609375 0.2046875 0.015625 0.04921875
1 0.340234375 0.20234375 0.01953125 0.0578125
0 0.4765625 0.3125 0.08125 0.084375
1 0.444140625 0.32578125 0.0125 0.03828125
1 0.454296875 0.333203125 0.01640625 0.04140625
1 0.50859375 0.329296875 0.01640625 0.04375
0 0.543359375 0.700390625 0.0859375 0.090625
1 0.508984375 0.71875 0.0125 0.040625
1 0.51953125 0.723046875 0.015625 0.04453125
1 0.57734375 0.714453125 0.0171875 0.04609375