0 0.063671875 0.15625 0.084375 0.0921875
1 0.09609375 0.17890625 0.015625 0.04609375
1 0.037890625 0.17265625 0.01796875 0.04453125
1 0.02890625 0.166796875 0.01328125 0.04375
0 0.67265625 0.125390625 0.06484375 0.0390625
0 0.635546875 0.123828125 0.046875 0.02734375
1 0.68671875 0.133984375 0.00859375 0.01953125
1 0.69921875 0.13125 0.00859375 0.01796875
1 0.009765625 0.79375 0.01015625 0.02265625
1 0.05 0.79296875 0.01171875 0.021875
0 0.028125 0.783984375 0.05625 0.04609375
0 0.880859375 0.78046875 0.09453125 0.09765625
1 0.916796875 0.803515625 0.01796875 0.05
1 0.852734375 0.801953125 0.01875 0.0484375
1 0.84140625 0.792578125 0.0140625 0.04609375