0 0.08671875 0.10234375 0.0890625 0.09609375
1 0.11796875 0.126953125 0.01796875 0.04609375
1 0.06015625 0.117578125 0.0203125 0.0453125
1 0.0515625 0.111328125 0.015625 0.04453125
0 0.069140625 0.6 0.13046875 0.0921875
1 0.118359375 0.62421875 0.0234375 0.04375
1 0.04453125 0.615625 0.02421875 0.0421875
1 0.01953125 0.60703125 0.01796875 0.03828125
0 0.523046875 0.844140625 0.08984375 0.0953125
1 0.496875 0.86171875 0.01953125 0.0453125
1 0.48828125 0.854296875 0.0140625 0.0421875
1 0.55546875 0.867578125 0.0171875 0.046875