1 0.083984375 0.250390625 0.16796875 0.21171875
1 0.02421875 0.612890625 0.0140625 0.0203125
1 0.063671875 0.6125 0.0140625 0.0203125
1 0.09375 0.612109375 0.01171875 0.01640625
1 0.28828125 0.608203125 0.00390625 0.0078125
1 0.273046875 0.608984375 0.003125 0.0078125
0 0.28125 0.605859375 0.01875 0.015625
0 0.741796875 0.8484375 0.1234375 0.059375
1 0.86953125 0.859765625 0.0140625 0.01953125
1 0.833203125 0.86015625 0.015625 0.02265625
1 0.783984375 0.86015625 0.01640625 0.02578125
1 0.731640625 0.86015625 0.02109375 0.028125
1 0.690234375 0.859375 0.01953125 0.02578125