0 0.066796875 0.073828125 0.0796875 0.0921875
1 0.0953125 0.096875 0.0171875 0.0453125
1 0.037890625 0.08359375 0.01875 0.04453125
0 0.59296875 0.19609375 0.0671875 0.084375
1 0.615625 0.216015625 0.0171875 0.04375
1 0.563671875 0.2125 0.00859375 0.0421875
1 0.053125 0.92890625 0.01484375 0.03046875
1 0.00234375 0.9234375 0.0046875 0.0265625
0 0.03125 0.9140625 0.0625 0.05625
0 0.86015625 0.824609375 0.09609375 0.0734375
1 0.83359375 0.839453125 0.01953125 0.034375
1 0.8203125 0.83203125 0.01484375 0.0328125
1 0.89609375 0.841796875 0.01953125 0.0359375