1 0.059765625 0.4453125 0.03828125 0.05390625
1 0.1609375 0.44140625 0.03125 0.0453125
1 0.166015625 0.53359375 0.10703125 0.1125
0 0.089453125 0.422265625 0.17890625 0.11171875
1 0.773046875 0.39921875 0.00390625 0.0125
1 0.758203125 0.39765625 0.0046875 0.01328125
0 0.765234375 0.39296875 0.0203125 0.02578125
1 0.201953125 0.671484375 0.01484375 0.0203125
1 0.137890625 0.67734375 0.0203125 0.0296875
1 0.42265625 0.7765625 0.00859375 0.015625
1 0.401953125 0.77578125 0.00546875 0.015625
1 0.5015625 0.77890625 0.00625 0.01953125
1 0.48046875 0.778125 0.00625 0.01875
0 0.49140625 0.770703125 0.02890625 0.0359375
0 0.41328125 0.768359375 0.02890625 0.03359375