0 0.0796875 0.319140625 0.0921875 0.0734375
1 0.112890625 0.3375 0.01875 0.03515625
1 0.05234375 0.331640625 0.01953125 0.034375
1 0.0421875 0.325 0.0140625 0.03203125
1 0.366015625 0.65234375 0.00546875 0.0125
1 0.353125 0.64921875 0.00390625 0.0109375
1 0.35078125 0.646875 0.00390625 0.0109375
0 0.358984375 0.645703125 0.021875 0.02578125
0 0.824609375 0.653515625 0.0875 0.07109375
1 0.855859375 0.670703125 0.01875 0.034375
1 0.797265625 0.664453125 0.01953125 0.0328125
1 0.7890625 0.6578125 0.01484375 0.0296875