1 0.20546875 0.259765625 0.20390625 0.21328125
1 0.258984375 0.091015625 0.00625 0.015625
1 0.288671875 0.08828125 0.00859375 0.01640625
1 0.305859375 0.084375 0.00859375 0.015625
0 0.280859375 0.0828125 0.0625 0.034375
1 0.84453125 0.42421875 0.309375 0.1515625
1 0.63359375 0.330859375 0.03359375 0.0390625
1 0.755859375 0.31953125 0.025 0.034375
1 0.83359375 0.309765625 0.015625 0.025
1 0.855078125 0.307421875 0.0203125 0.0265625
1 0.93203125 0.30234375 0.0171875 0.025
1 0.96953125 0.295703125 0.01328125 0.01875
0 0.6984375 0.3109375 0.19375 0.0828125
0 0.890625 0.29453125 0.1328125 0.05546875
0 0.97265625 0.286328125 0.0546875 0.04140625
1 0.51640625 0.86796875 0.01015625 0.025
1 0.4890625 0.864453125 0.009375 0.02421875
1 0.4828125 0.863671875 0.00703125 0.02265625
0 0.49921875 0.856640625 0.0453125 0.05234375