0 0.2984375 0.466015625 0.07734375 0.0875
1 0.3265625 0.48671875 0.01640625 0.0453125
1 0.26875 0.48046875 0.01640625 0.0453125
0 0.69921875 0.286328125 0.090625 0.06953125
1 0.66640625 0.298046875 0.01875 0.0375
1 0.733203125 0.301953125 0.01796875 0.0375
0 0.12265625 0.81796875 0.08828125 0.071875
1 0.15546875 0.834375 0.01875 0.03828125
1 0.0921875 0.830859375 0.01796875 0.03671875
1 0.953125 0.80703125 0.0359375 0.06484375
1 0.841015625 0.79609375 0.03359375 0.0640625
1 0.815234375 0.790234375 0.02421875 0.05390625
0 0.888671875 0.776953125 0.17265625 0.1265625