0 0.283203125 0.15703125 0.08359375 0.08984375
1 0.2546875 0.17890625 0.01953125 0.04453125
1 0.31171875 0.17421875 0.01796875 0.0453125
0 0.479296875 0.242578125 0.01953125 0.06953125
1 0.479296875 0.254296875 0.01875 0.03671875
0 0.23203125 0.6921875 0.10703125 0.0859375
1 0.201953125 0.71328125 0.021875 0.04140625
1 0.188671875 0.7078125 0.015625 0.03671875
1 0.27421875 0.70546875 0.021875 0.04296875
0 0.7 0.96171875 0.0875 0.0765625
1 0.73515625 0.98359375 0.0171875 0.0328125
1 0.676171875 0.98359375 0.01953125 0.0328125
1 0.666796875 0.981640625 0.01484375 0.03671875