0 0.136328125 0.403125 0.08125 0.0859375
1 0.105078125 0.41953125 0.01796875 0.04765625
1 0.163671875 0.422265625 0.0171875 0.04765625
0 0.776171875 0.315625 0.09453125 0.09765625
1 0.812109375 0.338671875 0.01796875 0.05
1 0.748046875 0.337109375 0.01875 0.0484375
1 0.73671875 0.327734375 0.0140625 0.04609375
0 0.11484375 0.872265625 0.084375 0.084375
1 0.091796875 0.890234375 0.01640625 0.04375
1 0.080078125 0.88203125 0.0140625 0.03828125
1 0.147265625 0.89140625 0.015625 0.04453125
1 0.932421875 0.779296875 0.03671875 0.078125
1 0.983984375 0.787890625 0.03203125 0.09609375
0 0.95234375 0.771875 0.0953125 0.1296875