0 0.15546875 0.173046875 0.084375 0.0859375
1 0.121875 0.1921875 0.0171875 0.046875
1 0.182421875 0.192578125 0.01484375 0.04609375
1 0.1921875 0.1921875 0.009375 0.040625
0 0.229296875 0.687890625 0.0921875 0.0671875
1 0.20390625 0.704296875 0.0171875 0.03359375
1 0.18984375 0.698046875 0.0125 0.03125
1 0.26640625 0.70234375 0.0171875 0.03515625
1 0.726953125 0.612890625 0.02578125 0.034375
1 0.660546875 0.608984375 0.02109375 0.03125
1 0.781640625 0.607421875 0.021875 0.0296875
1 0.99140625 0.6109375 0.0171875 0.046875
0 0.730859375 0.596484375 0.1640625 0.06953125