0 0.195703125 0.390625 0.0875 0.08828125
1 0.1609375 0.40859375 0.01796875 0.04765625
1 0.221875 0.41015625 0.01640625 0.04765625
1 0.23125 0.410546875 0.01015625 0.040625
1 0.840625 0.221484375 0.03125 0.04375
1 0.775 0.226171875 0.03828125 0.05234375
1 0.66875 0.2140625 0.03125 0.04453125
0 0.774609375 0.206640625 0.24453125 0.1
0 0.1078125 0.962109375 0.103125 0.07578125
1 0.14921875 0.981640625 0.0171875 0.03671875
1 0.076171875 0.980078125 0.0203125 0.03984375
1 0.065625 0.97421875 0.01484375 0.0359375
0 0.95546875 0.676171875 0.0890625 0.06953125
1 0.93203125 0.688671875 0.01640625 0.034375
1 0.91953125 0.687109375 0.01484375 0.0328125
1 0.994140625 0.691796875 0.01171875 0.03671875