0 0.229296875 0.346875 0.0875 0.09296875
1 0.198046875 0.36796875 0.01875 0.04921875
1 0.25859375 0.364453125 0.0171875 0.046875
1 0.266015625 0.36328125 0.0125 0.040625
0 0.92421875 0.381640625 0.1046875 0.03671875
0 0.49765625 0.678515625 0.09921875 0.08046875
1 0.5359375 0.687890625 0.021875 0.03984375
1 0.467578125 0.6984375 0.01953125 0.03828125
1 0.458203125 0.69609375 0.0140625 0.034375
0 0.950390625 0.566015625 0.09375 0.07734375
1 0.9859375 0.575 0.02109375 0.0390625
1 0.9171875 0.58515625 0.021875 0.0375