0 0.039453125 0.226171875 0.07890625 0.06640625
1 0.009765625 0.241015625 0.015625 0.034375
1 0.00234375 0.23515625 0.0046875 0.0328125
1 0.070703125 0.241015625 0.015625 0.0359375
1 0.675 0.34609375 0.01796875 0.05
1 0.686328125 0.35234375 0.0125 0.04765625
1 0.615234375 0.34609375 0.01640625 0.053125
0 0.65 0.32421875 0.0875 0.10625
1 0.36015625 0.765625 0.2796875 0.39765625
1 0.645703125 0.64921875 0.01953125 0.0390625
1 0.574609375 0.64921875 0.0203125 0.0390625
1 0.560546875 0.6421875 0.01484375 0.0359375
0 0.604296875 0.631640625 0.10390625 0.078125