1 0.98359375 0.046875 0.0328125 0.053125
1 0.88046875 0.04453125 0.03203125 0.0453125
1 0.711328125 0.04921875 0.0171875 0.03203125
1 0.637109375 0.05 0.01484375 0.02734375
0 0.67890625 0.040234375 0.10078125 0.065625
0 0.93125 0.03984375 0.1375 0.0796875
0 0.277734375 0.757421875 0.084375 0.0890625
1 0.31171875 0.77578125 0.01640625 0.04453125
1 0.252734375 0.775390625 0.0171875 0.04296875
1 0.24453125 0.77109375 0.01328125 0.0421875
1 0.62265625 0.875 0.0859375 0.2125
1 0.715234375 0.7125 0.01484375 0.02421875
1 0.66640625 0.71484375 0.01171875 0.0234375
1 0.64765625 0.713671875 0.0140625 0.02265625
1 0.890625 0.713671875 0.02890625 0.04296875
1 0.825390625 0.709375 0.021875 0.034375
1 0.9546875 0.704296875 0.02734375 0.03671875
0 0.90234375 0.695703125 0.1796875 0.0875
0 0.683984375 0.701953125 0.090625 0.05390625