1 0.92578125 0.40625 0.00234375 0.00625
1 0.91484375 0.405859375 0.003125 0.00703125
0 0.920703125 0.403515625 0.0140625 0.0125
1 0.803515625 0.40703125 0.00625 0.01171875
1 0.78984375 0.406640625 0.00703125 0.0125
1 0.812109375 0.406640625 0.00546875 0.0109375
1 0.826171875 0.40625 0.0046875 0.00859375
1 0.8421875 0.406640625 0.0046875 0.0078125
1 0.834375 0.40625 0.00546875 0.0078125
1 0.7703125 0.40703125 0.00625 0.009375
1 0.14296875 0.78828125 0.0046875 0.01328125
1 0.16015625 0.7890625 0.0046875 0.015625
1 0.090625 0.7875 0.00546875 0.01328125
1 0.052734375 0.7875 0.00546875 0.0171875
0 0.1515625 0.78203125 0.02265625 0.02890625
1 0.915234375 0.921484375 0.16953125 0.15703125
1 0.427734375 0.80859375 0.03671875 0.053125
0 0.466015625 0.796484375 0.11328125 0.08203125