0 0.280859375 0.381640625 0.08203125 0.084375
1 0.246484375 0.394140625 0.01015625 0.0390625
1 0.258203125 0.401171875 0.0140625 0.04140625
1 0.313671875 0.401171875 0.01484375 0.04453125
0 0.74375 0.221484375 0.09765625 0.07890625
1 0.78125 0.234375 0.02109375 0.03828125
1 0.712890625 0.240234375 0.01953125 0.0375
1 0.701171875 0.234765625 0.01171875 0.0359375
1 0.00390625 0.9296875 0.0078125 0.0359375
0 0.6 0.677734375 0.11953125 0.08125
1 0.574609375 0.691796875 0.021875 0.040625
1 0.551171875 0.68671875 0.015625 0.03359375
1 0.647265625 0.69765625 0.02265625 0.04140625