0 0.318359375 0.262890625 0.02109375 0.01875
1 0.31015625 0.266015625 0.0046875 0.009375
1 0.326171875 0.266796875 0.00390625 0.009375
1 0.047265625 0.269140625 0.01875 0.0265625
0 0.029296875 0.254296875 0.05859375 0.05703125
1 0.6515625 0.147265625 0.0046875 0.01328125
1 0.6375 0.14765625 0.0046875 0.0125
1 0.634375 0.146875 0.00390625 0.0125
0 0.64375 0.1421875 0.021875 0.02734375
0 0.349609375 0.67734375 0.0203125 0.01796875
0 0.0375 0.669140625 0.075 0.06171875
1 0.356640625 0.68125 0.00390625 0.0078125
1 0.34140625 0.680859375 0.00390625 0.00859375
1 0.140625 0.683203125 0.0140625 0.01953125
1 0.104296875 0.6828125 0.015625 0.02265625
1 0.055078125 0.68203125 0.0171875 0.02578125
1 0.006640625 0.680859375 0.01328125 0.02890625
0 0.73125 0.717578125 0.203125 0.11484375
1 0.6609375 0.72421875 0.03125 0.0390625
1 0.746875 0.7421875 0.0359375 0.05625
1 0.814453125 0.7375 0.03125 0.04375
1 0.758984375 0.878515625 0.20703125 0.2265625