1 0.337109375 0.390234375 0.0328125 0.0421875
0 0.360546875 0.370703125 0.11796875 0.08359375
0 0.5046875 0.26015625 0.0390625 0.0484375
0 0.424609375 0.265625 0.01015625 0.0453125
1 0.51953125 0.26953125 0.00859375 0.02421875
1 0.491015625 0.271484375 0.0078125 0.02421875
1 0.421484375 0.27578125 0.00390625 0.0203125
1 0.4265625 0.275 0.00546875 0.01796875
0 0.484375 0.6734375 0.08671875 0.06796875
1 0.458984375 0.689453125 0.01640625 0.03359375
1 0.449609375 0.684765625 0.01328125 0.03046875
1 0.518359375 0.686328125 0.01796875 0.03515625