0 0.14140625 0.2 0.0890625 0.090625
1 0.115625 0.216796875 0.01875 0.04453125
1 0.10625 0.20703125 0.01328125 0.040625
1 0.172265625 0.222265625 0.01796875 0.04609375
1 0.731640625 0.045703125 0.015625 0.03046875
1 0.676953125 0.0390625 0.0140625 0.02734375
0 0.705859375 0.030078125 0.07265625 0.05859375
0 0.0421875 0.86796875 0.084375 0.0921875
1 0.0078125 0.882421875 0.015625 0.04609375
1 0.0640625 0.888671875 0.0203125 0.04765625
1 0.07265625 0.889453125 0.01484375 0.03984375
0 0.96015625 0.786328125 0.0796875 0.11328125
1 0.948046875 0.8 0.03046875 0.053125
1 0.934765625 0.792578125 0.02265625 0.04609375