0 0.156640625 0.261328125 0.0828125 0.0875
1 0.131640625 0.28203125 0.01484375 0.04375
1 0.12265625 0.273046875 0.0125 0.03984375
1 0.189453125 0.28203125 0.01484375 0.04453125
1 0.69140625 0.45234375 0.01796875 0.034375
1 0.658203125 0.447265625 0.01953125 0.034375
1 0.75703125 0.451953125 0.0203125 0.03515625
0 0.716015625 0.4359375 0.13671875 0.0671875
0 0.311328125 0.511328125 0.02109375 0.01796875
1 0.31953125 0.515625 0.00390625 0.00859375
1 0.303515625 0.515234375 0.0046875 0.009375
1 0.027734375 0.526953125 0.0171875 0.025
0 0.01875 0.516015625 0.0375 0.06171875