0 0.055859375 0.0125 0.08515625 0.025
1 0.030859375 0.01171875 0.01640625 0.0234375
1 0.021484375 0.00625 0.01328125 0.0125
1 0.08828125 0.0125 0.015625 0.025
0 0.241796875 0.8015625 0.08359375 0.0875
1 0.21640625 0.820703125 0.015625 0.04375
1 0.20703125 0.8109375 0.01328125 0.0421875
1 0.27421875 0.822265625 0.01484375 0.04453125
1 0.485546875 0.90234375 0.13203125 0.1953125
1 0.648828125 0.760546875 0.01328125 0.03046875
1 0.593359375 0.757421875 0.0125 0.0265625
0 0.619140625 0.746484375 0.075 0.05390625
0 0.505078125 0.743359375 0.0453125 0.03125
0 0.45078125 0.738671875 0.034375 0.02421875