0 0.190625 0.134375 0.1 0.10546875
1 0.148046875 0.15234375 0.0140625 0.04921875
1 0.158203125 0.159375 0.01875 0.053125
1 0.230078125 0.160546875 0.01875 0.053125
0 0.11796875 0.953125 0.09375 0.09375
1 0.0828125 0.978515625 0.01875 0.04296875
1 0.078515625 0.97578125 0.01328125 0.0484375
1 0.15546875 0.978125 0.0171875 0.04375
0 0.7453125 0.798828125 0.10078125 0.103125
1 0.70546875 0.82109375 0.0203125 0.05546875
1 0.77578125 0.82265625 0.02109375 0.05546875
1 0.788671875 0.82265625 0.0125 0.04765625