1 0.525 0.39296875 0.00546875 0.0109375
1 0.541015625 0.390625 0.0046875 0.00859375
0 0.532421875 0.388671875 0.02265625 0.01953125
0 0.182421875 0.436328125 0.13671875 0.075
1 0.223828125 0.44375 0.02265625 0.03203125
1 0.14375 0.45390625 0.03046875 0.03671875
0 0.7578125 0.345703125 0.09921875 0.1171875
1 0.78671875 0.367578125 0.01953125 0.05546875
1 0.79921875 0.370703125 0.015625 0.05078125
1 0.723828125 0.373046875 0.021875 0.05625
0 0.414453125 0.651953125 0.01328125 0.01171875
0 0.831640625 0.704296875 0.0796875 0.06640625
1 0.861328125 0.715234375 0.01953125 0.034375
1 0.803515625 0.717578125 0.01875 0.0328125