0 0.056640625 0.069921875 0.08828125 0.09375
1 0.032421875 0.0921875 0.0171875 0.0453125
1 0.02265625 0.083203125 0.01328125 0.04140625
1 0.0921875 0.0890625 0.01640625 0.0484375
1 0.464453125 0.87421875 0.03203125 0.0640625
1 0.35234375 0.871875 0.034375 0.0625
1 0.330859375 0.869921875 0.02578125 0.05390625
0 0.398046875 0.851171875 0.1671875 0.12578125
0 0.734765625 0.7203125 0.1 0.0796875
1 0.773828125 0.73125 0.0203125 0.040625
1 0.70625 0.740234375 0.0203125 0.0390625
1 0.69375 0.7359375 0.0140625 0.03515625