0 0.058203125 0.021484375 0.09296875 0.04296875
1 0.030078125 0.01875 0.01953125 0.0375
1 0.021484375 0.01328125 0.01484375 0.0265625
1 0.091796875 0.02109375 0.01796875 0.0421875
1 0.603125 0.339453125 0.0671875 0.13984375
1 0.661328125 0.223046875 0.0078125 0.01640625
1 0.679296875 0.22265625 0.009375 0.015625
1 0.631640625 0.2203125 0.0078125 0.01640625
0 0.653515625 0.215625 0.0640625 0.0359375
1 0.04765625 0.787890625 0.015625 0.02421875
1 0.00234375 0.783203125 0.0046875 0.02421875
1 0.22109375 0.813671875 0.0296875 0.04375
1 0.157421875 0.8 0.02265625 0.03515625
1 0.2859375 0.81328125 0.028125 0.0375
1 0.55625 0.844921875 0.0265625 0.06171875
0 0.23515625 0.79765625 0.18203125 0.09296875
0 0.03203125 0.773046875 0.0640625 0.05703125