1 0.021875 0.232421875 0.04375 0.22421875
1 0.790625 0.096484375 0.01953125 0.02734375
1 0.728125 0.093359375 0.0234375 0.0328125
0 0.75625 0.080078125 0.09453125 0.06015625
0 0.684375 0.075 0.1171875 0.071875
1 0.160546875 0.570703125 0.015625 0.03515625
1 0.121484375 0.56875 0.01640625 0.03515625
1 0.102734375 0.559765625 0.01328125 0.0328125
0 0.13203125 0.551953125 0.0796875 0.078125
1 0.760546875 0.754296875 0.01484375 0.034375
1 0.769140625 0.759375 0.01953125 0.0359375
1 0.834375 0.76171875 0.02265625 0.03828125
0 0.80078125 0.74453125 0.096875 0.08203125