0 0.785546875 0.176953125 0.215625 0.11484375
1 0.72109375 0.18359375 0.03125 0.0390625
1 0.80703125 0.2015625 0.0359375 0.05625
1 0.874609375 0.196875 0.03125 0.04375
1 0.819140625 0.337109375 0.20703125 0.22578125
1 0.220703125 0.66484375 0.01171875 0.034375
1 0.1828125 0.66484375 0.0140625 0.03203125
1 0.16640625 0.65625 0.0109375 0.03046875
0 0.192578125 0.648046875 0.07265625 0.07109375
0 0.72421875 0.465625 0.08125 0.03125
1 0.754296875 0.46484375 0.01640625 0.0296875
1 0.69609375 0.462109375 0.01875 0.02421875