0 0.1703125 0.318359375 0.09296875 0.1046875
1 0.208203125 0.340625 0.0171875 0.0546875
1 0.13984375 0.342578125 0.01875 0.0515625
1 0.1328125 0.333203125 0.0140625 0.04921875
0 0.77109375 0.46953125 0.0890625 0.09375
1 0.737109375 0.4921875 0.0171875 0.0484375
1 0.798046875 0.489453125 0.0171875 0.04921875
1 0.808203125 0.488671875 0.01171875 0.04296875
0 0.096875 0.586328125 0.06484375 0.0390625
0 0.06015625 0.587109375 0.046875 0.02734375
1 0.11171875 0.593359375 0.00859375 0.01953125
1 0.12421875 0.58984375 0.00859375 0.01796875
1 0.5875 0.844140625 0.115625 0.20859375