0 0.011328125 0.389453125 0.02265625 0.12578125
1 0.009765625 0.4203125 0.01953125 0.0640625
0 0.6375 0.309375 0.10078125 0.08046875
1 0.60703125 0.3265625 0.0203125 0.0375
1 0.5953125 0.322265625 0.0140625 0.0359375
1 0.67578125 0.323828125 0.0203125 0.0390625
0 0.026171875 0.684375 0.05234375 0.08125
1 0.040234375 0.70078125 0.021875 0.040625
0 0.694921875 0.896484375 0.10390625 0.0828125
1 0.663671875 0.9140625 0.021875 0.0390625
1 0.6515625 0.907421875 0.01484375 0.03671875
1 0.73515625 0.915625 0.01953125 0.03984375