0 0.19921875 0.46171875 0.103125 0.0765625
1 0.15859375 0.484765625 0.0203125 0.03046875
1 0.230078125 0.48671875 0.02109375 0.0265625
1 0.24140625 0.48828125 0.015625 0.0234375
0 0.05390625 0.625 0.10390625 0.109375
1 0.010546875 0.640625 0.015625 0.05078125
1 0.02109375 0.64921875 0.01953125 0.05546875
1 0.094140625 0.6515625 0.01875 0.05625
0 0.601953125 0.88984375 0.103125 0.109375
1 0.558984375 0.9046875 0.015625 0.04921875
1 0.56875 0.9140625 0.01953125 0.05625
1 0.641015625 0.91640625 0.0203125 0.0546875