0 0.083203125 0.299609375 0.09921875 0.07890625
1 0.058984375 0.31953125 0.02109375 0.03671875
1 0.04609375 0.315234375 0.015625 0.03359375
1 0.12109375 0.31015625 0.021875 0.0359375
0 0.51640625 0.376171875 0.08984375 0.0921875
1 0.494921875 0.398828125 0.01953125 0.04453125
1 0.483984375 0.391015625 0.0140625 0.04140625
1 0.5515625 0.39140625 0.01875 0.04609375
1 0.07578125 0.744140625 0.00546875 0.0109375
1 0.08203125 0.74296875 0.00546875 0.009375
1 0.098046875 0.739453125 0.00546875 0.009375
0 0.086328125 0.7375 0.02890625 0.02265625
0 0.69296875 0.46484375 0.0359375 0.0109375
1 0.679296875 0.464453125 0.00546875 0.01015625
1 0.70703125 0.46171875 0.00625 0.0046875