0 0.244921875 0.341015625 0.103125 0.1046875
1 0.204296875 0.3625 0.0203125 0.05625
1 0.275390625 0.365625 0.02109375 0.0546875
1 0.28671875 0.365625 0.015625 0.04765625
0 0.610546875 0.575 0.05703125 0.05
1 0.587890625 0.5890625 0.01171875 0.021875
1 0.631640625 0.5890625 0.01328125 0.021875
0 0.10703125 0.721875 0.115625 0.13515625
1 0.15078125 0.753515625 0.0234375 0.0703125
1 0.0625 0.74140625 0.025 0.06875
0 0.623046875 0.71640625 0.13515625 0.1484375
1 0.66953125 0.749609375 0.0265625 0.08046875
1 0.569921875 0.741015625 0.02734375 0.0765625