0 0.1609375 0.11328125 0.09375 0.0703125
1 0.197265625 0.129296875 0.01796875 0.03515625
1 0.13359375 0.128515625 0.01796875 0.03515625
1 0.121875 0.12109375 0.0140625 0.03125
1 0.044921875 0.779296875 0.08984375 0.20703125
1 0.173046875 0.619140625 0.00859375 0.015625
0 0.14609375 0.6140625 0.0640625 0.034375
1 0.155859375 0.621875 0.00859375 0.0171875
1 0.1234375 0.620703125 0.0078125 0.0171875
0 0.801953125 0.86328125 0.09375 0.07109375
1 0.774609375 0.879296875 0.01796875 0.03515625
1 0.7625 0.87265625 0.01328125 0.0328125
1 0.8375 0.879296875 0.01875 0.03515625