1 0.534375 0.317578125 0.2109375 0.38359375
1 0.032421875 0.084375 0.04140625 0.05390625
0 0.064453125 0.0734375 0.12890625 0.084375
1 0.699609375 0.146875 0.009375 0.02265625
1 0.685546875 0.139453125 0.0078125 0.021875
1 0.725390625 0.145703125 0.00859375 0.02265625
0 0.7046875 0.13515625 0.05234375 0.04921875
1 0.071484375 0.76875 0.01953125 0.02890625
1 0.01484375 0.76953125 0.02421875 0.03671875
1 0.13046875 0.76484375 0.0125 0.021875
1 0.162890625 0.76640625 0.01484375 0.02109375
1 0.199609375 0.768359375 0.0125 0.01953125
1 0.230859375 0.769140625 0.0109375 0.01796875
1 0.255078125 0.769140625 0.01171875 0.01640625
1 0.4140625 0.770703125 0.00390625 0.00859375
1 0.4296875 0.771484375 0.00390625 0.00859375
0 0.422265625 0.767578125 0.0203125 0.0171875
0 0.166015625 0.757421875 0.08359375 0.0453125
1 0.789453125 0.82265625 0.29921875 0.3546875
1 0.669921875 0.607421875 0.02734375 0.03984375
0 0.6765625 0.590234375 0.0734375 0.08515625