1 0.11328125 0.514453125 0.2265625 0.31015625
1 0.227734375 0.340625 0.01640625 0.01953125
1 0.205078125 0.337890625 0.01484375 0.01796875
1 0.276953125 0.345703125 0.015625 0.01953125
1 0.294921875 0.3453125 0.01171875 0.01640625
1 0.334375 0.350390625 0.0125 0.01484375
1 0.374609375 0.353125 0.0109375 0.0140625
0 0.241796875 0.3359375 0.0890625 0.040625
0 0.31171875 0.3421875 0.06171875 0.03359375
0 0.357421875 0.346484375 0.04921875 0.028125
1 0.787109375 0.29375 0.02265625 0.04296875
1 0.71328125 0.285546875 0.02265625 0.0421875
1 0.701953125 0.2765625 0.01796875 0.0375
0 0.747265625 0.270703125 0.1125 0.090625
1 0.624609375 0.815625 0.00859375 0.021875
1 0.60078125 0.809375 0.00859375 0.02109375
1 0.596484375 0.80859375 0.00703125 0.01953125
0 0.612109375 0.80390625 0.0390625 0.04609375