1 0.97109375 0.270703125 0.00234375 0.00625
1 0.96015625 0.27109375 0.003125 0.00703125
0 0.965625 0.268359375 0.01328125 0.0125
1 0.848828125 0.27578125 0.00546875 0.0078125
1 0.834765625 0.27578125 0.00703125 0.0078125
1 0.857421875 0.275390625 0.00546875 0.00859375
1 0.87109375 0.27578125 0.0046875 0.0078125
1 0.8875 0.27578125 0.0046875 0.0078125
1 0.8796875 0.275390625 0.00546875 0.0078125
1 0.815625 0.27734375 0.00625 0.0046875
0 0.430078125 0.579296875 0.084375 0.06484375
1 0.398046875 0.594140625 0.02109375 0.034375
1 0.46328125 0.593359375 0.0171875 0.03515625
1 0.665625 0.67578125 0.0046875 0.01328125
1 0.65 0.6765625 0.0046875 0.0140625
0 0.6578125 0.67109375 0.02109375 0.025