0 0.084375 0.291015625 0.084375 0.06484375
1 0.05859375 0.305859375 0.015625 0.0328125
1 0.049609375 0.30078125 0.0125 0.0296875
1 0.11796875 0.3046875 0.0171875 0.034375
1 0.215625 0.5890625 0.00703125 0.02265625
1 0.19140625 0.590234375 0.00625 0.02109375
1 0.187109375 0.591015625 0.00390625 0.01875
0 0.2015625 0.580859375 0.034375 0.040625
1 0.5953125 0.765625 0.01875 0.02265625
1 0.630859375 0.764453125 0.01796875 0.0234375
1 0.67421875 0.7625 0.01328125 0.0203125
1 0.713671875 0.759375 0.01328125 0.01953125
1 0.74375 0.75703125 0.0109375 0.01640625
1 0.9375 0.739453125 0.00390625 0.0078125
1 0.922265625 0.74140625 0.003125 0.0078125
0 0.930078125 0.7375 0.01875 0.01484375