1 0.2421875 0.269140625 0.28046875 0.425
1 0.0484375 0.0171875 0.03125 0.034375
1 0.171484375 0.014453125 0.02265625 0.02890625
1 0.24921875 0.01015625 0.0140625 0.0203125
1 0.27109375 0.01015625 0.01875 0.0203125
1 0.3484375 0.01015625 0.015625 0.0203125
1 0.3859375 0.006640625 0.0125 0.01328125
1 0.43984375 0.006640625 0.0125 0.01328125
0 0.11484375 0.017578125 0.1890625 0.03515625
0 0.30703125 0.01015625 0.1296875 0.0203125
0 0.405859375 0.00703125 0.08359375 0.0140625
1 0.76484375 0.46328125 0.196875 0.0734375
1 0.0203125 0.8046875 0.040625 0.203125
1 0.77421875 0.63828125 0.0140625 0.02109375
1 0.73671875 0.639453125 0.0140625 0.0203125
1 0.809375 0.6390625 0.0109375 0.01953125
1 0.8265625 0.6359375 0.01015625 0.0203125
1 0.86328125 0.632421875 0.009375 0.0140625
1 0.887109375 0.6328125 0.0078125 0.0125
1 0.90625 0.63203125 0.0078125 0.0125
1 0.92109375 0.63125 0.00703125 0.0109375
1 0.83984375 0.6328125 0.01171875 0.0140625