0 0.233203125 0.196875 0.01328125 0.01875
1 0.22890625 0.2015625 0.003125 0.01015625
1 0.248828125 0.32109375 0.01796875 0.028125
1 0.307421875 0.3140625 0.01171875 0.02109375
1 0.33984375 0.3140625 0.0140625 0.0203125
1 0.3765625 0.3140625 0.0109375 0.01875
1 0.4078125 0.31328125 0.009375 0.0171875
1 0.43203125 0.31171875 0.0109375 0.015625
1 0.591015625 0.305078125 0.003125 0.0078125
1 0.606640625 0.305078125 0.003125 0.0078125
0 0.598828125 0.3015625 0.01875 0.01640625
0 0.342578125 0.3046875 0.08125 0.040625
1 0.09140625 0.63671875 0.003125 0.0078125
1 0.0765625 0.63671875 0.003125 0.00703125
0 0.084375 0.63359375 0.01875 0.01484375
1 0.427734375 0.77890625 0.1890625 0.203125