1 0.220703125 0.56484375 0.2765625 0.3890625
1 0.836328125 0.33671875 0.0015625 0.00625
1 0.825390625 0.33671875 0.003125 0.00625
0 0.830859375 0.334375 0.01328125 0.0125
1 0.7140625 0.341796875 0.00546875 0.01171875
1 0.700390625 0.341796875 0.00625 0.0125
1 0.72265625 0.341015625 0.0046875 0.0109375
1 0.73671875 0.340234375 0.0046875 0.00859375
1 0.752734375 0.340234375 0.0046875 0.0078125
1 0.744921875 0.33984375 0.0046875 0.0078125
1 0.680859375 0.34296875 0.00625 0.009375
1 0.8984375 0.805859375 0.00625 0.02109375
1 0.87421875 0.801953125 0.00625 0.0203125
1 0.869921875 0.8015625 0.0046875 0.01953125
0 0.884765625 0.7953125 0.034375 0.0421875