0 0.2390625 0.012890625 0.0875 0.02578125
1 0.27265625 0.008984375 0.01875 0.01796875
1 0.214453125 0.01171875 0.01953125 0.0234375
1 0.205078125 0.00859375 0.01484375 0.0171875
1 0.63671875 0.3296875 0.00625 0.0140625
1 0.620703125 0.327734375 0.00546875 0.0140625
1 0.619140625 0.3265625 0.00546875 0.01484375
0 0.627734375 0.32265625 0.025 0.0328125
1 0.3390625 0.79140625 0.31875 0.4171875
1 0.61328125 0.451171875 0.01015625 0.02109375
1 0.601953125 0.448828125 0.00390625 0.01796875
1 0.635546875 0.446484375 0.00859375 0.01328125
0 0.620703125 0.4515625 0.04140625 0.0234375