1 0.2171875 0.210546875 0.2046875 0.33828125
1 0.060546875 0.015625 0.03203125 0.03125
1 0.1828125 0.0109375 0.0234375 0.021875
1 0.260546875 0.005078125 0.01484375 0.01015625
1 0.282421875 0.0046875 0.01953125 0.009375
0 0.125390625 0.01640625 0.19140625 0.0328125
1 0.041796875 0.6703125 0.0125 0.021875
1 0.07421875 0.669140625 0.01484375 0.02109375
1 0.1109375 0.66796875 0.01171875 0.01953125
1 0.141796875 0.666015625 0.01015625 0.0171875
1 0.166015625 0.663671875 0.0109375 0.015625
0 0.0765625 0.659765625 0.0828125 0.04375
1 0.343359375 0.794140625 0.015625 0.02421875
1 0.36796875 0.791015625 0.01328125 0.021875
1 0.442578125 0.783984375 0.00859375 0.015625
1 0.415625 0.784765625 0.0109375 0.015625
1 0.3890625 0.785546875 0.01015625 0.015625
1 0.46484375 0.7828125 0.00859375 0.0140625
1 0.48203125 0.78203125 0.009375 0.01328125
0 0.41484375 0.778125 0.0640625 0.0328125
0 0.335546875 0.783203125 0.03203125 0.05234375
1 0.612109375 0.7734375 0.00390625 0.0078125
1 0.626171875 0.772265625 0.00390625 0.00703125
0 0.619140625 0.76953125 0.01875 0.015625