0 0.242578125 0.241796875 0.05390625 0.06796875
1 0.230078125 0.25234375 0.01640625 0.03203125
1 0.223046875 0.247265625 0.0125 0.028125
1 0.488671875 0.248828125 0.003125 0.0109375
1 0.49140625 0.251171875 0.00390625 0.0125
1 0.50546875 0.2484375 0.00390625 0.01328125
0 0.49765625 0.244921875 0.021875 0.02734375
1 0.03046875 0.70390625 0.03203125 0.0453125
1 0.094140625 0.853515625 0.18828125 0.22890625
0 0.025 0.68359375 0.05 0.115625
1 0.7046875 0.891015625 0.309375 0.21796875
1 0.84921875 0.75390625 0.01171875 0.0171875
1 0.875390625 0.754296875 0.0140625 0.01953125
1 0.91640625 0.75859375 0.01328125 0.0171875
1 0.933203125 0.757421875 0.009375 0.01484375
1 0.957421875 0.758984375 0.009375 0.01484375
0 0.883984375 0.748046875 0.08203125 0.040625
0 0.93984375 0.751171875 0.05 0.03125