0 0.209375 0.083203125 0.02734375 0.01953125
1 0.2203125 0.08671875 0.00546875 0.01171875
1 0.198046875 0.08828125 0.00390625 0.009375
1 0.2796875 0.909765625 0.2859375 0.18046875
1 0.153515625 0.783984375 0.0265625 0.0359375
1 0.259375 0.780859375 0.025 0.0296875
1 0.396484375 0.771484375 0.015625 0.02109375
1 0.3421875 0.773828125 0.0203125 0.0234375
1 0.313671875 0.77265625 0.0203125 0.02265625
0 0.35859375 0.759375 0.11015625 0.05390625
0 0.203515625 0.768359375 0.1796875 0.06796875
1 0.53125 0.7625 0.00859375 0.0109375