0 0.198828125 0.182421875 0.028125 0.01953125
1 0.209765625 0.185546875 0.00546875 0.01171875
1 0.187890625 0.1875 0.00390625 0.009375
1 0.451953125 0.02890625 0.01875 0.0546875
1 0.515625 0.0265625 0.0171875 0.053125
1 0.52890625 0.030859375 0.0140625 0.05
1 0.379296875 0.026171875 0.01171875 0.0390625
0 0.488671875 0.029296875 0.09609375 0.05859375
0 0.21171875 0.74453125 0.0875 0.06640625
1 0.1859375 0.76015625 0.0171875 0.03359375
1 0.175390625 0.755078125 0.0125 0.03125
1 0.246875 0.757421875 0.015625 0.034375
0 0.973828125 0.89375 0.05234375 0.05625
1 0.9609375 0.905859375 0.01328125 0.02578125