1 0.350390625 0.2171875 0.25859375 0.165625
1 0.21953125 0.091015625 0.03046875 0.03828125
1 0.341796875 0.0984375 0.025 0.0359375
1 0.437890625 0.097265625 0.01953125 0.0265625
1 0.417578125 0.096875 0.015625 0.02265625
0 0.03203125 0.067578125 0.0640625 0.11171875
0 0.29453125 0.080078125 0.18125 0.07734375
0 0.44453125 0.089453125 0.0703125 0.05234375
1 0.652734375 0.239453125 0.29921875 0.12109375
1 0.233984375 0.589453125 0.00234375 0.00625
1 0.223046875 0.588671875 0.003125 0.00703125
0 0.228515625 0.58671875 0.0140625 0.0125
1 0.11171875 0.587890625 0.00625 0.01171875
1 0.098046875 0.5875 0.00703125 0.0125
1 0.1203125 0.587890625 0.00546875 0.0109375
1 0.134375 0.5875 0.00546875 0.00859375
1 0.150390625 0.588671875 0.0046875 0.0078125
1 0.142578125 0.587890625 0.00546875 0.0078125
1 0.078515625 0.5875 0.00625 0.009375
1 0.90546875 0.83828125 0.1890625 0.3234375