1 0.0875 0.213671875 0.175 0.15234375
1 0.156640625 0.091796875 0.015625 0.02265625
1 0.080859375 0.0921875 0.01875 0.02578125
1 0.060546875 0.09296875 0.01484375 0.021875
0 0.117578125 0.08203125 0.1296875 0.04765625
1 0.907421875 0.146875 0.18515625 0.2859375
1 0.251953125 0.67734375 0.009375 0.0140625
1 0.279296875 0.676953125 0.0109375 0.01484375
1 0.3015625 0.6765625 0.0078125 0.0140625
1 0.368359375 0.670703125 0.00703125 0.01015625
1 0.35859375 0.6703125 0.0078125 0.01015625
1 0.34453125 0.67109375 0.00625 0.0109375