1 0.5125 0.243359375 0.00625 0.01640625
1 0.666796875 0.2203125 0.00390625 0.00859375
1 0.68203125 0.21875 0.0046875 0.00859375
0 0.67421875 0.216015625 0.02109375 0.01796875
1 0.462890625 0.768359375 0.0203125 0.046875
1 0.41484375 0.774609375 0.01875 0.04375
1 0.396484375 0.774609375 0.015625 0.0421875
0 0.427734375 0.752734375 0.09140625 0.09296875
1 0.792578125 0.49140625 0.00859375 0.01875
1 0.773828125 0.5015625 0.0078125 0.0171875
1 0.76484375 0.50078125 0.00703125 0.0171875
0 0.778515625 0.490625 0.03828125 0.04140625