0 0.184765625 0.1125 0.078125 0.06328125
1 0.215625 0.12734375 0.01484375 0.03125
1 0.15703125 0.123828125 0.0171875 0.0328125
1 0.5046875 0.347265625 0.0703125 0.20546875
1 0.7171875 0.9140625 0.2875 0.171875
1 0.528515625 0.787109375 0.03125 0.0375
1 0.651171875 0.786328125 0.0234375 0.0328125
1 0.7296875 0.78359375 0.01484375 0.02421875
1 0.751171875 0.783203125 0.01953125 0.025
1 0.828125 0.784765625 0.01640625 0.02421875
1 0.86640625 0.781640625 0.0125 0.01796875
1 0.9203125 0.7828125 0.0125 0.01796875
0 0.594921875 0.773046875 0.190625 0.07265625
0 0.7875 0.773046875 0.13125 0.0484375
0 0.8859375 0.773828125 0.084375 0.03671875