0 0.163671875 0.184375 0.0296875 0.02109375
1 0.175390625 0.187109375 0.0046875 0.0109375
1 0.1515625 0.1890625 0.0046875 0.0109375
0 0.172265625 0.5765625 0.09609375 0.1140625
0 0.034765625 0.58671875 0.06953125 0.0828125
1 0.200390625 0.59921875 0.01796875 0.0546875
1 0.212890625 0.603125 0.01328125 0.05078125
1 0.137109375 0.602734375 0.01953125 0.05546875
1 0.041796875 0.604296875 0.01875 0.04375
1 0.72421875 0.555078125 0.01640625 0.05390625
1 0.7359375 0.559765625 0.01484375 0.0484375
1 0.6609375 0.558984375 0.01953125 0.05546875
1 0.586328125 0.558203125 0.0125 0.03984375
1 0.56484375 0.5609375 0.0171875 0.0421875
1 0.518359375 0.563671875 0.01640625 0.04140625
0 0.69609375 0.5328125 0.0953125 0.1125
0 0.550390625 0.543359375 0.0859375 0.0828125