0 0.4640625 0.4546875 0.02890625 0.0203125
1 0.47578125 0.458203125 0.0046875 0.0109375
1 0.451953125 0.45859375 0.0046875 0.0109375
1 0.88046875 0.094921875 0.0078125 0.02265625
1 0.90546875 0.08671875 0.00859375 0.02265625
1 0.869140625 0.091015625 0.00703125 0.02109375
0 0.88671875 0.08203125 0.04609375 0.0484375
1 0.951171875 0.884765625 0.003125 0.00859375
1 0.936328125 0.884765625 0.003125 0.00703125
0 0.944140625 0.881640625 0.01875 0.01484375
1 0.77578125 0.893359375 0.01015625 0.015625
1 0.751171875 0.89453125 0.01015625 0.01640625
1 0.71953125 0.8953125 0.01328125 0.01640625
1 0.682421875 0.8953125 0.0140625 0.01953125
1 0.65 0.895703125 0.0140625 0.01953125
1 0.586328125 0.90390625 0.01953125 0.02890625