1 0.45625 0.4328125 0.2875 0.153125
1 0.07578125 0.307421875 0.046875 0.0578125
0 0.090625 0.28203125 0.18125 0.125
1 0.446875 0.94609375 0.00234375 0.00625
1 0.4359375 0.944921875 0.00390625 0.00703125
0 0.441796875 0.94296875 0.01484375 0.01328125
1 0.324609375 0.93828125 0.00703125 0.0125
1 0.311328125 0.93671875 0.0078125 0.01328125
1 0.33359375 0.93828125 0.00625 0.0109375
1 0.34765625 0.9390625 0.00546875 0.009375
1 0.36328125 0.940625 0.00546875 0.00859375
1 0.355859375 0.939453125 0.00625 0.00859375
1 0.291796875 0.9359375 0.00703125 0.01015625