1 0.3625 0.3671875 0.2796875 0.165625
1 0.95546875 0.20546875 0.00625 0.02109375
1 0.93125 0.20625 0.00625 0.02109375
1 0.926953125 0.20625 0.0046875 0.0203125
0 0.94140625 0.196484375 0.034375 0.040625
1 0.07890625 0.94453125 0.1578125 0.1109375
1 0.980859375 0.76015625 0.00390625 0.0078125
1 0.96640625 0.760546875 0.003125 0.0078125
0 0.973828125 0.756640625 0.01796875 0.015625
1 0.836328125 0.7703125 0.00859375 0.01328125
1 0.81875 0.77109375 0.00859375 0.01328125
1 0.796875 0.7734375 0.009375 0.0125
1 0.768359375 0.7734375 0.0109375 0.01484375
1 0.7203125 0.779296875 0.0125 0.02109375
1 0.69453125 0.783203125 0.0140625 0.02265625
1 0.65234375 0.784375 0.015625 0.021875
1 0.60859375 0.7859375 0.01953125 0.0234375