1 0.510546875 0.333984375 0.13828125 0.41171875
1 0.15546875 0.137890625 0.04453125 0.05625
1 0.008203125 0.145703125 0.01640625 0.05859375
0 0.127734375 0.11953125 0.25546875 0.1109375
1 0.773828125 0.253515625 0.20703125 0.221875
1 0.016796875 0.771484375 0.0140625 0.03515625
1 0.030078125 0.777734375 0.01875 0.03828125
1 0.097265625 0.773828125 0.01796875 0.03671875
0 0.057421875 0.759375 0.0984375 0.0765625
1 0.855859375 0.85234375 0.20234375 0.21171875
0 0.7140625 0.64609375 0.01953125 0.01171875