0 0.071875 0.03359375 0.1109375 0.0671875
1 0.030859375 0.03046875 0.01875 0.0515625
1 0.042578125 0.0375 0.0234375 0.05625
1 0.115234375 0.030078125 0.02265625 0.05703125
0 0.62421875 0.31171875 0.0859375 0.0765625
1 0.59296875 0.33046875 0.015625 0.0390625
1 0.603515625 0.33359375 0.01796875 0.0328125
1 0.6578125 0.330859375 0.01875 0.03828125
0 0.127734375 0.669140625 0.07734375 0.0875
1 0.1015625 0.684375 0.01796875 0.040625
1 0.156640625 0.684375 0.01875 0.04453125
0 0.539453125 0.80859375 0.084375 0.09140625
1 0.51171875 0.83046875 0.01953125 0.0453125
1 0.570703125 0.823046875 0.0203125 0.0484375