1 0.241796875 0.188671875 0.29296875 0.37734375
1 0.5875 0.06640625 0.015625 0.0359375
1 0.682421875 0.062890625 0.0171875 0.0234375
1 0.718359375 0.06484375 0.01796875 0.02421875
1 0.760546875 0.066015625 0.01484375 0.021875
1 0.798828125 0.0671875 0.01328125 0.01953125
1 0.82890625 0.0671875 0.01171875 0.0171875
0 0.721875 0.052734375 0.09609375 0.05390625
0 0.22734375 0.724609375 0.08671875 0.06796875
1 0.200390625 0.7375 0.01640625 0.03359375
1 0.191796875 0.73203125 0.01328125 0.03046875
1 0.259765625 0.740625 0.01796875 0.03515625