1 0.12421875 0.167578125 0.00390625 0.01015625
1 0.134375 0.167578125 0.00390625 0.01015625
1 0.150390625 0.166015625 0.0046875 0.0109375
0 0.137109375 0.162890625 0.0328125 0.02109375
1 0.00625 0.846484375 0.0125 0.02578125
1 0.050390625 0.844140625 0.015625 0.02421875
1 0.29296875 0.834765625 0.00390625 0.00859375
1 0.27734375 0.834765625 0.00390625 0.0078125
0 0.285546875 0.830859375 0.0203125 0.01640625
0 0.9078125 0.85234375 0.03671875 0.021875
1 0.89375 0.85625 0.00546875 0.0109375
1 0.905859375 0.856640625 0.0046875 0.009375
1 0.92265625 0.8546875 0.00625 0.01015625