0 0.15625 0.580078125 0.10078125 0.10546875
1 0.114453125 0.598046875 0.0140625 0.0484375
1 0.125390625 0.605078125 0.01953125 0.0546875
1 0.197265625 0.60234375 0.01953125 0.05546875
0 0.680859375 0.375390625 0.16796875 0.16171875
1 0.611328125 0.4046875 0.025 0.07421875
1 0.644921875 0.4078125 0.0328125 0.08515625
1 0.746484375 0.406640625 0.03515625 0.08203125
0 0.0421875 0.8546875 0.07890625 0.084375
1 0.0109375 0.86484375 0.0125 0.040625
1 0.019140625 0.86953125 0.01484375 0.040625
1 0.0734375 0.873046875 0.01640625 0.0421875