0 0.1703125 0.294140625 0.0734375 0.059375
1 0.1984375 0.308203125 0.01484375 0.03125
1 0.14140625 0.3078125 0.0140625 0.03046875
1 0.673828125 0.45390625 0.27734375 0.0921875
1 0.355078125 0.835546875 0.16953125 0.32890625
1 0.01640625 0.64140625 0.0328125 0.0515625
1 0.269921875 0.628515625 0.0265625 0.0359375
1 0.390625 0.629296875 0.021875 0.03046875
0 0.338671875 0.61328125 0.1921875 0.06484375
0 0.049609375 0.6203125 0.09921875 0.09375
1 0.578515625 0.794921875 0.00703125 0.01875
1 0.56796875 0.792578125 0.00625 0.01875
1 0.599609375 0.785546875 0.00625 0.01875
0 0.58359375 0.783984375 0.0390625 0.04140625