0 0.0671875 0.10546875 0.07578125 0.0625
1 0.09453125 0.120703125 0.015625 0.03125
1 0.037890625 0.118359375 0.015625 0.03125
1 0.590625 0.294140625 0.196875 0.2078125
1 0.205859375 0.775 0.00703125 0.02265625
1 0.181640625 0.775 0.00703125 0.02109375
1 0.17734375 0.77578125 0.0046875 0.01875
0 0.192578125 0.76640625 0.03515625 0.040625
1 0.899609375 0.881640625 0.003125 0.00859375
1 0.884765625 0.88125 0.003125 0.00703125
0 0.89296875 0.878125 0.01953125 0.015625
1 0.724609375 0.88671875 0.0109375 0.015625
1 0.7 0.8875 0.0109375 0.01640625
1 0.66796875 0.887890625 0.0140625 0.0171875
1 0.630859375 0.8875 0.01484375 0.0203125
1 0.5984375 0.887109375 0.0140625 0.0203125
1 0.534765625 0.894140625 0.01953125 0.02890625