0 0.298046875 0.36328125 0.08203125 0.07109375
1 0.32890625 0.375 0.01875 0.0359375
1 0.269140625 0.3796875 0.01796875 0.034375
1 0.70234375 0.27734375 0.01796875 0.02421875
1 0.737890625 0.274609375 0.01875 0.025
1 0.780078125 0.269921875 0.015625 0.021875
1 0.81796875 0.265625 0.0140625 0.01953125
1 0.84765625 0.261328125 0.01171875 0.01796875
0 0.739453125 0.26171875 0.09765625 0.05703125
1 0.31171875 0.819921875 0.00390625 0.00703125
1 0.2984375 0.82109375 0.00390625 0.00625
0 0.3046875 0.8171875 0.01796875 0.015625
1 0.05078125 0.8546875 0.0125 0.01796875
1 0.08203125 0.8515625 0.01328125 0.01875
1 0.109375 0.849609375 0.01015625 0.015625
1 0.119921875 0.847265625 0.00859375 0.01484375
1 0.193359375 0.835546875 0.0078125 0.01171875
1 0.181640625 0.837890625 0.00859375 0.0109375
1 0.165234375 0.83984375 0.00703125 0.0109375