0 0.19296875 0.343359375 0.09453125 0.0734375
1 0.23046875 0.35546875 0.01875 0.03828125
1 0.16171875 0.361328125 0.0171875 0.0375
1 0.15234375 0.358203125 0.01171875 0.03359375
0 0.80078125 0.43125 0.08125 0.0859375
1 0.83359375 0.4515625 0.015625 0.0453125
1 0.7765625 0.451953125 0.015625 0.04375
1 0.766015625 0.44140625 0.0109375 0.040625
0 0.174609375 0.86875 0.109375 0.084375
1 0.218359375 0.887890625 0.021875 0.0453125
1 0.1390625 0.8890625 0.02109375 0.04375
1 0.127734375 0.882421875 0.0140625 0.03984375