0 0.1359375 0.29765625 0.0984375 0.0234375
0 0.801953125 0.11796875 0.1234375 0.0875
1 0.776171875 0.130859375 0.02421875 0.04140625
1 0.752734375 0.12421875 0.0171875 0.034375
1 0.8484375 0.140234375 0.025 0.0421875
1 0.0296875 0.6984375 0.059375 0.2125
1 0.128125 0.544140625 0.00859375 0.01640625
1 0.112109375 0.544921875 0.0078125 0.015625
0 0.102734375 0.53671875 0.06484375 0.03671875
1 0.54140625 0.922265625 0.203125 0.15546875
1 0.71171875 0.796484375 0.00859375 0.01640625
1 0.695703125 0.797265625 0.0078125 0.015625
0 0.686328125 0.7890625 0.06484375 0.03671875