0 0.45234375 0.1140625 0.1 0.0765625
1 0.424609375 0.129296875 0.0203125 0.0359375
1 0.41171875 0.12265625 0.0140625 0.03125
1 0.489453125 0.1328125 0.0203125 0.0375
1 0.753125 0.19921875 0.3109375 0.3609375
0 0.037890625 0.751953125 0.07578125 0.09296875
1 0.003515625 0.769140625 0.00703125 0.04921875
1 0.05859375 0.77421875 0.0171875 0.046875
1 0.06640625 0.773828125 0.0125 0.040625
0 0.7234375 0.56796875 0.1140625 0.0921875
1 0.685546875 0.585546875 0.0234375 0.04453125
1 0.676171875 0.578125 0.0171875 0.03984375
1 0.766015625 0.590234375 0.02421875 0.0453125