0 0.18671875 0.35546875 0.09765625 0.07265625
1 0.1609375 0.37265625 0.01875 0.03671875
1 0.148046875 0.36640625 0.01328125 0.034375
1 0.226171875 0.369140625 0.01875 0.03671875
1 0.627734375 0.62265625 0.03203125 0.0640625
1 0.515625 0.6203125 0.034375 0.0625
1 0.494140625 0.618359375 0.02578125 0.05390625
0 0.561328125 0.599609375 0.1671875 0.12578125
1 0.75703125 0.777734375 0.134375 0.21328125
1 0.900390625 0.60703125 0.00859375 0.01875
1 0.908203125 0.603125 0.00859375 0.01875
1 0.859375 0.6078125 0.01015625 0.0203125
0 0.882421875 0.5984375 0.0609375 0.04296875
0 0.83046875 0.6 0.04453125 0.0328125
1 0.841015625 0.6046875 0.0078125 0.01484375