0 0.219921875 0.418359375 0.096875 0.071875
1 0.19375 0.4359375 0.01875 0.03515625
1 0.18046875 0.430078125 0.0125 0.03046875
1 0.258984375 0.43359375 0.01875 0.03671875
1 0.66796875 0.39453125 0.0171875 0.0359375
1 0.61328125 0.703515625 0.0296875 0.06328125
1 0.5015625 0.697265625 0.03203125 0.06171875
1 0.4796875 0.69453125 0.02421875 0.053125
0 0.54765625 0.678125 0.16328125 0.1203125
0 0.776953125 0.822265625 0.0859375 0.0671875
1 0.809765625 0.83515625 0.01796875 0.03359375
1 0.74921875 0.838671875 0.01796875 0.03203125
1 0.740234375 0.834375 0.01171875 0.03046875