1 0.316796875 0.408203125 0.003125 0.0078125
1 0.329296875 0.4078125 0.003125 0.00703125
0 0.323046875 0.405078125 0.01640625 0.0140625
1 0.22421875 0.41328125 0.00625 0.01015625
1 0.2140625 0.413671875 0.00625 0.01015625
1 0.20078125 0.413671875 0.00546875 0.0109375
1 0.1828125 0.414453125 0.00703125 0.0109375
1 0.138671875 0.418359375 0.009375 0.01484375
1 0.159765625 0.419140625 0.0078125 0.01328125
1 0.113671875 0.41953125 0.01015625 0.01484375
0 0.138671875 0.412890625 0.06171875 0.0296875
1 0.757421875 0.99140625 0.01171875 0.0171875
1 0.78828125 0.990234375 0.0109375 0.01796875
1 0.815234375 0.991015625 0.00859375 0.015625
1 0.82578125 0.989453125 0.00703125 0.0140625
1 0.89921875 0.983203125 0.00703125 0.0109375
1 0.886328125 0.984375 0.00625 0.01171875
1 0.871484375 0.984765625 0.00703125 0.01171875
1 0.85 0.98515625 0.0078125 0.01171875
0 0.784765625 0.984765625 0.06953125 0.03046875