1 0.33125 0.1234375 0.003125 0.0078125
1 0.34375 0.122265625 0.00390625 0.00703125
0 0.3375 0.1203125 0.0171875 0.01484375
1 0.2390625 0.13359375 0.00703125 0.01015625
1 0.22890625 0.134375 0.00703125 0.01015625
1 0.215625 0.13515625 0.00625 0.01171875
1 0.198046875 0.13671875 0.0078125 0.0109375
1 0.154296875 0.14296875 0.01015625 0.015625
1 0.175390625 0.142578125 0.0078125 0.01328125
1 0.129296875 0.145703125 0.0109375 0.015625
0 0.153515625 0.1375 0.06328125 0.0328125
0 0.801171875 0.356640625 0.08828125 0.0703125
1 0.7703125 0.373828125 0.0234375 0.0359375
1 0.835546875 0.368359375 0.01953125 0.0359375