1 0.1375 0.42421875 0.00390625 0.00703125
1 0.1515625 0.42421875 0.00390625 0.00703125
0 0.14453125 0.421484375 0.01796875 0.0140625
1 0.033203125 0.42421875 0.00703125 0.0109375
1 0.0203125 0.424609375 0.00625 0.01171875
1 0.00546875 0.424609375 0.00625 0.01171875
1 0.6921875 0.02890625 0.00390625 0.0125
1 0.678125 0.031640625 0.0046875 0.01171875
1 0.673828125 0.03046875 0.003125 0.01171875
0 0.68359375 0.025 0.02265625 0.025
1 0.96875 0.9234375 0.0171875 0.03671875
1 0.902734375 0.925390625 0.01796875 0.0359375
0 0.9359375 0.908984375 0.084375 0.071875