1 0.2453125 0.0046875 0.00390625 0.00703125
1 0.259375 0.00390625 0.00390625 0.00703125
0 0.251953125 0.00390625 0.01796875 0.0078125
1 0.00234375 0.0140625 0.0046875 0.0171875
1 0.03046875 0.01328125 0.0109375 0.01796875
1 0.057421875 0.014453125 0.0078125 0.015625
1 0.06796875 0.01328125 0.00703125 0.0140625
1 0.141015625 0.0078125 0.00703125 0.0109375
1 0.128125 0.008984375 0.00625 0.01171875
1 0.11328125 0.008984375 0.00625 0.01171875
1 0.091796875 0.008984375 0.00703125 0.01171875
0 0.03046875 0.011328125 0.0609375 0.02265625
1 0.340625 0.88828125 0.2859375 0.2234375