1 0.440625 0.167578125 0.00390625 0.00703125
0 0.444140625 0.164453125 0.01171875 0.01484375
1 0.19453125 0.16015625 0.01171875 0.0171875
1 0.225390625 0.16171875 0.01171875 0.01796875
1 0.251953125 0.164453125 0.00859375 0.015625
1 0.2625 0.1640625 0.00703125 0.0140625
1 0.336328125 0.163671875 0.00703125 0.0109375
1 0.3234375 0.1640625 0.00625 0.01171875
1 0.30859375 0.16328125 0.00703125 0.01171875
1 0.287109375 0.16171875 0.0078125 0.01171875
0 0.222265625 0.155859375 0.06953125 0.0328125
1 0.501171875 0.22109375 0.10234375 0.4421875
1 0.928515625 0.73671875 0.02734375 0.05078125
1 0.909765625 0.729296875 0.01796875 0.0453125
0 0.9484375 0.722265625 0.103125 0.10703125