0 0.028125 0.41328125 0.03984375 0.02734375
1 0.014453125 0.41953125 0.00859375 0.0140625
1 0.044140625 0.416796875 0.0078125 0.0140625
1 0.421875 0.559765625 0.3015625 0.26015625
1 0.878515625 0.469140625 0.24296875 0.44140625
1 0.70078125 0.230859375 0.03359375 0.0390625
1 0.823046875 0.21953125 0.025 0.034375
1 0.90078125 0.209765625 0.015625 0.025
1 0.922265625 0.207421875 0.0203125 0.0265625
1 0.9953125 0.20234375 0.009375 0.025
0 0.765625 0.2109375 0.19375 0.0828125
0 0.945703125 0.194140625 0.10859375 0.05546875