1 0.00625 0.007421875 0.0109375 0.01484375
1 0.03984375 0.00625 0.009375 0.0125
1 0.06328125 0.006640625 0.0078125 0.0125
1 0.082421875 0.0078125 0.0078125 0.0125
1 0.09609375 0.0078125 0.00703125 0.0125
1 0.2265625 0.0125 0.00390625 0.0078125
1 0.212890625 0.011328125 0.00390625 0.00859375
0 0.219921875 0.008984375 0.01796875 0.015625
1 0.88515625 0.360546875 0.0046875 0.01328125
1 0.88046875 0.35859375 0.00390625 0.0125
1 0.899609375 0.355859375 0.00390625 0.0125
0 0.889453125 0.35390625 0.025 0.02890625
0 0.2546875 0.801953125 0.0328125 0.03828125
1 0.26640625 0.811328125 0.00625 0.01875
1 0.245703125 0.81015625 0.00546875 0.01875
1 0.24140625 0.809375 0.00390625 0.0171875
1 0.91328125 0.868359375 0.1734375 0.26328125