1 0.16171875 0.24296875 0.3171875 0.428125
1 0.71953125 0.016015625 0.0109375 0.021875
1 0.705859375 0.01015625 0.00859375 0.0203125
1 0.745703125 0.018359375 0.01015625 0.0234375
0 0.72578125 0.015234375 0.0546875 0.03046875
1 0.262109375 0.833984375 0.2125 0.221875
1 0.0484375 0.64453125 0.00625 0.01015625
1 0.075 0.64609375 0.00546875 0.009375
0 0.062109375 0.641015625 0.03359375 0.0234375
1 0.758984375 0.915625 0.00859375 0.0234375
1 0.734765625 0.913671875 0.00859375 0.021875
1 0.73046875 0.9140625 0.00546875 0.01875
0 0.746484375 0.905859375 0.0375 0.04296875