1 0.15234375 0.069921875 0.01875 0.03671875
1 0.085546875 0.071484375 0.02265625 0.03359375
0 0.1171875 0.05625 0.090625 0.07265625
1 0.65 0.25703125 0.01953125 0.02890625
1 0.594140625 0.263671875 0.02421875 0.03671875
1 0.70859375 0.246875 0.0125 0.021875
1 0.741015625 0.2453125 0.01484375 0.02109375
1 0.777734375 0.243359375 0.0125 0.01953125
1 0.80859375 0.241015625 0.0109375 0.01796875
1 0.8328125 0.23828125 0.01171875 0.01640625
1 0.99140625 0.223046875 0.00390625 0.00859375
0 0.994140625 0.21875 0.01171875 0.0171875
0 0.743359375 0.2359375 0.08359375 0.0453125
1 0.343359375 0.68359375 0.0078125 0.02109375
1 0.31875 0.680859375 0.0078125 0.02109375
1 0.314453125 0.680859375 0.00546875 0.01953125
0 0.32890625 0.673828125 0.03671875 0.04453125
0 0.721875 0.74921875 0.0890625 0.0703125
1 0.690234375 0.765234375 0.02265625 0.03671875
1 0.75625 0.76171875 0.01953125 0.0375