0 0.073046875 0.40703125 0.1015625 0.10859375
1 0.03046875 0.421484375 0.01484375 0.0484375
1 0.03984375 0.4296875 0.01875 0.05546875
1 0.111328125 0.431640625 0.0203125 0.05546875
0 0.61484375 0.312890625 0.0859375 0.0953125
1 0.578515625 0.328515625 0.0125 0.04140625
1 0.590234375 0.336328125 0.0171875 0.04453125
1 0.64765625 0.337890625 0.01640625 0.0453125
0 0.62734375 0.81875 0.0828125 0.08984375
1 0.59296875 0.830078125 0.0125 0.040625
1 0.6015625 0.837890625 0.015625 0.04375
1 0.659375 0.839453125 0.01640625 0.04609375