1 0.119140625 0.352734375 0.01875 0.03671875
1 0.052734375 0.347265625 0.02265625 0.03359375
0 0.085546875 0.33515625 0.090625 0.07265625
1 0.921484375 0.16640625 0.0046875 0.00859375
1 0.907421875 0.165625 0.00390625 0.0078125
0 0.91484375 0.16328125 0.01796875 0.01484375
1 0.641015625 0.165234375 0.01484375 0.021875
1 0.603515625 0.164453125 0.01484375 0.02109375
1 0.67578125 0.16796875 0.01171875 0.0203125
1 0.693359375 0.165625 0.0109375 0.0203125
1 0.730078125 0.1640625 0.01015625 0.0140625
1 0.75390625 0.165625 0.00859375 0.0125
1 0.773046875 0.166015625 0.0078125 0.0125
1 0.787890625 0.166015625 0.0078125 0.0109375
1 0.706640625 0.16328125 0.0125 0.01484375
1 0.650390625 0.958984375 0.19765625 0.08203125
0 0.566015625 0.803125 0.01640625 0.009375