1 0.073828125 0.43359375 0.02109375 0.0265625
1 0.115234375 0.4328125 0.0171875 0.0265625
1 0.15703125 0.431640625 0.01640625 0.02421875
1 0.181640625 0.428125 0.01328125 0.021875
1 0.25625 0.419921875 0.00859375 0.015625
1 0.229296875 0.42109375 0.0109375 0.015625
1 0.202734375 0.422265625 0.01015625 0.015625
1 0.278515625 0.418359375 0.00859375 0.0140625
1 0.295703125 0.4171875 0.009375 0.0140625
0 0.228515625 0.414453125 0.0640625 0.034375
0 0.1140625 0.421875 0.103125 0.05390625
1 0.42578125 0.40625 0.00390625 0.0078125
1 0.439453125 0.4046875 0.00390625 0.00703125
0 0.432421875 0.40234375 0.01875 0.01640625