0 0.397265625 0.025390625 0.09140625 0.05078125
1 0.432421875 0.026171875 0.01953125 0.03671875
1 0.36640625 0.030859375 0.0234375 0.03671875
1 0.876171875 0.296484375 0.24765625 0.36640625
1 0.46953125 0.7171875 0.00390625 0.0078125
1 0.455078125 0.71796875 0.00390625 0.0078125
0 0.462109375 0.713671875 0.01875 0.0171875
1 0.32578125 0.734765625 0.009375 0.0140625
1 0.308203125 0.73671875 0.009375 0.0140625
1 0.286328125 0.740234375 0.01015625 0.01328125
1 0.2578125 0.74140625 0.01171875 0.01484375
1 0.21015625 0.749609375 0.0140625 0.021875
1 0.184765625 0.755078125 0.01484375 0.0234375
1 0.142578125 0.758203125 0.0171875 0.02265625
1 0.09921875 0.762109375 0.0203125 0.02421875
1 0.733203125 0.64296875 0.03828125 0.05078125
1 0.96875 0.615234375 0.03125 0.0390625
0 0.726171875 0.627734375 0.17265625 0.11640625
0 0.975390625 0.594921875 0.04921875 0.08046875