1 0.01015625 0.135546875 0.0203125 0.02890625
1 0.059765625 0.13515625 0.02109375 0.03046875
1 0.115625 0.134765625 0.01875 0.03046875
1 0.15234375 0.1328125 0.015625 0.02578125
1 0.21796875 0.126953125 0.0125 0.0171875
1 0.1875 0.12734375 0.009375 0.015625
1 0.249609375 0.126953125 0.01015625 0.015625
1 0.27578125 0.126953125 0.009375 0.01484375
1 0.29609375 0.12578125 0.009375 0.0140625
1 0.440625 0.1203125 0.00390625 0.009375
1 0.4546875 0.119921875 0.003125 0.00859375
0 0.44765625 0.116796875 0.01875 0.015625
0 0.0625 0.11953125 0.125 0.0625
0 0.218359375 0.11953125 0.071875 0.03515625
1 0.79765625 0.335546875 0.19375 0.20546875
0 0.7046875 0.12578125 0.01640625 0.009375
1 0.1984375 0.6140625 0.0046875 0.0125
1 0.21015625 0.616796875 0.00625 0.0140625
1 0.22421875 0.609375 0.0046875 0.0140625
0 0.210546875 0.608203125 0.0328125 0.03125
1 0.923046875 0.822265625 0.0265625 0.03515625
0 0.9421875 0.807421875 0.115625 0.06484375