0 0.474609375 0.26484375 0.096875 0.103125
1 0.43359375 0.2796875 0.0125 0.05
1 0.443359375 0.28828125 0.0171875 0.0546875
1 0.5140625 0.28828125 0.01640625 0.0546875
0 0.078515625 0.930078125 0.0828125 0.08515625
1 0.043359375 0.9421875 0.0109375 0.0375
1 0.055859375 0.95 0.015625 0.04375
1 0.1125 0.949609375 0.015625 0.04453125
0 0.612890625 0.86484375 0.08203125 0.08359375
1 0.577734375 0.879296875 0.0109375 0.03984375
1 0.588671875 0.884765625 0.0140625 0.04375
1 0.646875 0.88125 0.0140625 0.04375