1 0.125390625 0.244921875 0.25078125 0.42265625
0 0.598828125 0.173828125 0.10234375 0.109375
1 0.635546875 0.19921875 0.02109375 0.05625
1 0.5671875 0.194140625 0.02265625 0.05234375
1 0.55859375 0.184765625 0.0171875 0.05078125
0 0.287890625 0.8796875 0.1015625 0.078125
1 0.26015625 0.89453125 0.02109375 0.03671875
1 0.247265625 0.8875 0.01484375 0.03125
1 0.325 0.89921875 0.02109375 0.0375
0 0.85390625 0.666015625 0.096875 0.07578125
1 0.82578125 0.68046875 0.01953125 0.0359375
1 0.8140625 0.673828125 0.01484375 0.03359375
1 0.888671875 0.683984375 0.0203125 0.0359375