1 0.501953125 0.169140625 0.0171875 0.03828125
1 0.51328125 0.17421875 0.02421875 0.04453125
1 0.591796875 0.176171875 0.021875 0.04296875
0 0.547265625 0.15546875 0.11328125 0.09765625
1 0.037890625 0.729296875 0.00390625 0.01171875
1 0.026171875 0.73046875 0.00390625 0.01171875
1 0.0234375 0.7296875 0.003125 0.0109375
0 0.03046875 0.725390625 0.01875 0.021875
1 0.797265625 0.895703125 0.00234375 0.00625
1 0.786328125 0.89609375 0.00390625 0.00703125
0 0.791796875 0.893359375 0.0140625 0.01328125
1 0.67578125 0.908984375 0.00625 0.01171875
1 0.662109375 0.91015625 0.0078125 0.01328125
1 0.684375 0.9078125 0.00546875 0.0109375
1 0.698046875 0.905859375 0.00546875 0.00859375
1 0.7140625 0.9046875 0.0046875 0.0078125
1 0.70625 0.905078125 0.00546875 0.0078125
1 0.642578125 0.9125 0.00625 0.009375