1 0.28828125 0.1234375 0.003125 0.01015625
1 0.303125 0.123046875 0.003125 0.00859375
0 0.295703125 0.1203125 0.01875 0.0171875
1 0.00390625 0.125390625 0.0078125 0.02421875
1 0.0421875 0.12578125 0.01484375 0.021875
1 0.08046875 0.126171875 0.01328125 0.01953125
1 0.110546875 0.12578125 0.0109375 0.0171875
0 0.025390625 0.112890625 0.05078125 0.05234375
1 0.48125 0.321875 0.01875 0.0546875
1 0.544921875 0.323828125 0.0171875 0.0546875
1 0.5578125 0.329296875 0.0140625 0.05
1 0.344140625 0.314453125 0.00859375 0.03984375
1 0.40859375 0.314453125 0.01171875 0.0390625
1 0.38671875 0.3140625 0.015625 0.0421875
0 0.51953125 0.29921875 0.09609375 0.1109375
0 0.378515625 0.29609375 0.07734375 0.0828125
1 0.73984375 0.941015625 0.2921875 0.11796875