0 0.414453125 0.205078125 0.08515625 0.06875
1 0.448046875 0.219140625 0.01796875 0.03671875
1 0.38203125 0.2203125 0.01875 0.0359375
0 0.601171875 0.139453125 0.02265625 0.06484375
1 0.6046875 0.152734375 0.01484375 0.034375
1 0.330078125 0.945703125 0.00390625 0.01171875
1 0.34375 0.93984375 0.0046875 0.01171875
1 0.32265625 0.943359375 0.00390625 0.01171875
0 0.333203125 0.937890625 0.02578125 0.028125
0 0.64453125 0.95703125 0.0203125 0.01640625
1 0.652734375 0.96015625 0.003125 0.00859375
1 0.63671875 0.9609375 0.00390625 0.00859375