0 0.47109375 0.375390625 0.02109375 0.0171875
1 0.46328125 0.377734375 0.0046875 0.009375
1 0.479296875 0.37890625 0.00390625 0.01015625
1 0.01796875 0.358203125 0.0265625 0.03359375
1 0.065234375 0.3609375 0.02421875 0.034375
1 0.130078125 0.365234375 0.0234375 0.0296875
1 0.190625 0.368359375 0.01953125 0.02578125
1 0.236328125 0.36953125 0.0171875 0.021875
0 0.074609375 0.3484375 0.140625 0.075
1 0.7453125 0.078125 0.01953125 0.04296875
1 0.6984375 0.081640625 0.01875 0.04453125
1 0.676171875 0.076171875 0.015625 0.0390625
0 0.711328125 0.061328125 0.09375 0.0953125