1 0.494921875 0.43828125 0.11015625 0.3828125
1 0.703125 0.44765625 0.01484375 0.01953125
1 0.738671875 0.448046875 0.0125 0.02109375
1 0.772265625 0.448828125 0.0125 0.0203125
1 0.7875 0.44765625 0.01015625 0.01796875
1 0.821484375 0.445703125 0.00859375 0.0140625
1 0.84453125 0.44609375 0.00703125 0.0125
1 0.863671875 0.44609375 0.0078125 0.0125
1 0.87734375 0.44609375 0.00703125 0.0125
1 0.994140625 0.4453125 0.003125 0.00859375
0 0.99609375 0.442578125 0.0078125 0.01484375
0 0.737109375 0.438671875 0.0828125 0.04140625
0 0.30546875 0.9546875 0.071875 0.0609375
1 0.333203125 0.968359375 0.01484375 0.0328125
1 0.27734375 0.9640625 0.01484375 0.0296875