0 0.145703125 0.253125 0.1 0.0796875
1 0.184765625 0.2640625 0.0203125 0.040625
1 0.1171875 0.273046875 0.0203125 0.0390625
1 0.1046875 0.26875 0.0140625 0.03515625
0 0.409765625 0.216796875 0.0890625 0.090625
1 0.377734375 0.2390625 0.0203125 0.046875
1 0.437109375 0.23515625 0.01796875 0.04609375
1 0.446875 0.232421875 0.01171875 0.04296875
0 0.70390625 0.86875 0.0953125 0.07265625
1 0.679296875 0.886328125 0.01875 0.034375
1 0.66484375 0.880859375 0.01484375 0.03203125
1 0.741796875 0.88125 0.01875 0.0359375