0 0.161328125 0.15859375 0.1 0.0796875
1 0.200390625 0.16953125 0.0203125 0.040625
1 0.1328125 0.178515625 0.0203125 0.0390625
1 0.1203125 0.17421875 0.0140625 0.03515625
1 0.494140625 0.25078125 0.04921875 0.2125
1 0.568359375 0.08828125 0.01484375 0.02421875
1 0.51953125 0.090625 0.01171875 0.0234375
1 0.50078125 0.089453125 0.0140625 0.02265625
1 0.74375 0.089453125 0.02890625 0.04296875
1 0.678515625 0.08515625 0.021875 0.034375
1 0.8078125 0.080078125 0.02734375 0.03671875
0 0.75546875 0.071484375 0.1796875 0.0875
0 0.537109375 0.077734375 0.090625 0.05390625
0 0.517578125 0.700390625 0.09609375 0.08515625
1 0.5546875 0.716796875 0.021875 0.04296875
1 0.479296875 0.7203125 0.01953125 0.0421875
1 0.472265625 0.713671875 0.00546875 0.03671875