0 0.25078125 0.140234375 0.0984375 0.07734375
1 0.220703125 0.15859375 0.01875 0.03671875
1 0.20859375 0.154296875 0.01328125 0.03515625
1 0.289453125 0.153515625 0.01875 0.03828125
0 0.513671875 0.084765625 0.02734375 0.08359375
1 0.516015625 0.1046875 0.01953125 0.0421875
0 0.133203125 0.69921875 0.08203125 0.084375
1 0.1 0.71796875 0.01484375 0.04296875
1 0.158984375 0.719140625 0.01484375 0.04296875
1 0.167578125 0.718359375 0.01015625 0.03984375
0 0.68046875 0.86484375 0.0796875 0.0859375
1 0.712109375 0.884765625 0.01484375 0.0453125
1 0.655078125 0.884765625 0.01484375 0.04296875
1 0.645703125 0.876953125 0.01015625 0.03984375