0 0.455859375 0.017578125 0.10078125 0.03515625
1 0.42578125 0.015625 0.0203125 0.03125
1 0.4140625 0.012890625 0.0140625 0.02578125
1 0.49453125 0.014453125 0.0203125 0.02890625
1 0.74921875 0.078515625 0.0140625 0.03046875
1 0.69375 0.074609375 0.01328125 0.0265625
0 0.71953125 0.0640625 0.07578125 0.05546875
0 0.62421875 0.058984375 0.009375 0.03203125
1 0.116796875 0.722265625 0.2 0.209375
1 0.28359375 0.564453125 0.00859375 0.015625
1 0.26796875 0.565625 0.0078125 0.01484375
0 0.258203125 0.5578125 0.0640625 0.0359375
0 0.819140625 0.546875 0.10625 0.084375
1 0.787109375 0.564453125 0.021875 0.040625
1 0.774609375 0.557421875 0.01484375 0.0359375
1 0.859765625 0.565234375 0.02109375 0.04296875