1 0.141015625 0.541015625 0.28203125 0.17734375
1 0.78203125 0.426953125 0.00234375 0.00625
1 0.77109375 0.4265625 0.003125 0.00703125
0 0.7765625 0.424609375 0.01328125 0.0125
1 0.659765625 0.4296875 0.00546875 0.01171875
1 0.64609375 0.4296875 0.00703125 0.0125
1 0.668359375 0.429296875 0.00546875 0.0109375
1 0.682421875 0.428515625 0.0046875 0.00859375
1 0.6984375 0.42890625 0.0046875 0.0078125
1 0.690625 0.428515625 0.00546875 0.0078125
1 0.6265625 0.43046875 0.00625 0.009375
1 0.255859375 0.81484375 0.28515625 0.3703125