1 0.134765625 0.23828125 0.21015625 0.396875
1 0.533203125 0.012109375 0.00859375 0.021875
1 0.518359375 0.0078125 0.00703125 0.015625
1 0.55859375 0.010546875 0.0078125 0.02109375
0 0.537890625 0.01171875 0.05078125 0.0234375
1 0.1 0.5625 0.0203125 0.0515625
1 0.133203125 0.566796875 0.0296875 0.06171875
1 0.232421875 0.573828125 0.01484375 0.06171875
0 0.16171875 0.552734375 0.15625 0.10546875
1 0.63203125 0.82734375 0.2859375 0.3453125
1 0.514453125 0.615234375 0.0265625 0.0359375
1 0.6203125 0.616015625 0.025 0.0296875
1 0.7578125 0.611328125 0.015625 0.02109375
1 0.703515625 0.611328125 0.0203125 0.0234375
1 0.675390625 0.609375 0.0203125 0.02265625
0 0.7203125 0.59765625 0.11015625 0.05390625
0 0.565234375 0.601171875 0.1796875 0.06796875
1 0.966015625 0.60703125 0.00703125 0.00859375
1 0.9453125 0.608203125 0.00625 0.009375
1 0.919140625 0.608203125 0.00859375 0.01015625
1 0.89296875 0.60703125 0.00859375 0.0109375