1 0.944140625 0.353515625 0.11171875 0.38359375
1 0.122265625 0.58203125 0.003125 0.009375
1 0.128515625 0.583203125 0.003125 0.0109375
1 0.140234375 0.5828125 0.00390625 0.01171875
0 0.13125 0.579296875 0.021875 0.01953125
1 0.69609375 0.948046875 0.0296875 0.03828125
1 0.818359375 0.94453125 0.025 0.0359375
1 0.98984375 0.93359375 0.01640625 0.02265625
1 0.914453125 0.93515625 0.01875 0.02578125
1 0.894140625 0.936328125 0.015625 0.02265625
0 0.769921875 0.93046875 0.1796875 0.07421875
0 0.942578125 0.92421875 0.11484375 0.05