1 0.387109375 0.24375 0.22578125 0.23125
1 0.905078125 0.246875 0.003125 0.0078125
1 0.917578125 0.247265625 0.003125 0.00703125
0 0.912109375 0.24453125 0.01640625 0.0140625
1 0.8125 0.24375 0.00625 0.01015625
1 0.80234375 0.243359375 0.00625 0.01015625
1 0.7890625 0.2421875 0.00625 0.0109375
1 0.77109375 0.24140625 0.00703125 0.0109375
1 0.726953125 0.24140625 0.009375 0.015625
1 0.748046875 0.244140625 0.0078125 0.01328125
1 0.701953125 0.240625 0.01015625 0.01484375
0 0.72734375 0.2359375 0.0625 0.03046875
1 0.45625 0.740625 0.0875 0.390625
1 0.794921875 0.617578125 0.00703125 0.0203125
1 0.790625 0.617578125 0.0046875 0.01953125
1 0.81953125 0.618359375 0.00703125 0.021875
0 0.805859375 0.608984375 0.0359375 0.04140625