1 0.2671875 0.2125 0.01484375 0.034375
1 0.280078125 0.218359375 0.01953125 0.0375
1 0.347265625 0.211328125 0.0203125 0.03671875
0 0.30703125 0.1984375 0.1 0.07890625
0 0.44375 0.9546875 0.02109375 0.0171875
1 0.436328125 0.95859375 0.0046875 0.009375
1 0.45234375 0.956640625 0.00390625 0.01015625
1 0.10625 0.99453125 0.0234375 0.0109375
1 0.166015625 0.991796875 0.01953125 0.01640625
1 0.21171875 0.989453125 0.0171875 0.02109375
0 0.059375 0.9796875 0.11875 0.040625
1 0.8640625 0.604296875 0.009375 0.00859375
1 0.85078125 0.60234375 0.0078125 0.0046875
0 0.867578125 0.605078125 0.04921875 0.01015625