1 0.04921875 0.0375 0.01953125 0.03828125
0 0.0296875 0.02890625 0.059375 0.0578125
1 0.775 0.349609375 0.00234375 0.00703125
1 0.76328125 0.349609375 0.00234375 0.00625
0 0.769140625 0.346484375 0.0140625 0.01328125
1 0.6109375 0.354296875 0.003125 0.01328125
1 0.62734375 0.355078125 0.00625 0.01171875
1 0.678515625 0.35234375 0.00546875 0.00859375
1 0.670703125 0.351953125 0.00625 0.009375
1 0.658984375 0.351953125 0.0046875 0.01015625
1 0.642578125 0.3515625 0.00546875 0.00859375
1 0.61484375 0.685546875 0.01015625 0.03359375