0 0.207421875 0.3359375 0.10390625 0.028125
0 0.925 0.053515625 0.08046875 0.08984375
1 0.955859375 0.069921875 0.01796875 0.0453125
1 0.897265625 0.071484375 0.01796875 0.04609375
1 0.4015625 0.925 0.2171875 0.15
1 0.5578125 0.7875 0.0078125 0.01015625
1 0.598828125 0.783984375 0.00859375 0.0109375
0 0.578515625 0.77890625 0.05 0.02734375
0 0.896875 0.753515625 0.1046875 0.08515625
1 0.867578125 0.774609375 0.021875 0.040625
1 0.85546875 0.7703125 0.01640625 0.03671875
1 0.9375 0.764453125 0.02265625 0.040625