0 0.309765625 0.348046875 0.10390625 0.08515625
1 0.28046875 0.369921875 0.021875 0.0390625
1 0.269140625 0.36484375 0.015625 0.03515625
1 0.34921875 0.357421875 0.02265625 0.03984375
0 0.716796875 0.26171875 0.08984375 0.0890625
1 0.69609375 0.2828125 0.01953125 0.04453125
1 0.68359375 0.276171875 0.01640625 0.0390625
1 0.751171875 0.276171875 0.01875 0.0453125
0 0.092578125 0.96640625 0.08984375 0.0671875
1 0.128125 0.98671875 0.0171875 0.0265625
1 0.06953125 0.990625 0.0203125 0.01875
1 0.059375 0.98828125 0.015625 0.0234375