1 0.40546875 0.278515625 0.0078125 0.03515625
0 0.487109375 0.2515625 0.0984375 0.075
1 0.525390625 0.26171875 0.01953125 0.0359375
1 0.463671875 0.269140625 0.01953125 0.03515625
1 0.44921875 0.264453125 0.015625 0.03203125
1 0.101171875 0.5671875 0.02578125 0.015625
1 0.03828125 0.56796875 0.0265625 0.0171875
0 0.100390625 0.5703125 0.15546875 0.021875
0 0.716796875 0.885546875 0.115625 0.09375
1 0.68203125 0.908984375 0.02421875 0.04453125
1 0.671875 0.903515625 0.01796875 0.03984375
1 0.7625 0.901171875 0.025 0.04609375