1 0.148828125 0.253515625 0.02421875 0.0421875
1 0.075 0.26171875 0.02421875 0.04296875
1 0.060546875 0.25703125 0.01640625 0.0390625
0 0.104296875 0.239453125 0.1140625 0.090625
1 0.54140625 0.2796875 0.0109375 0.01484375
1 0.562890625 0.27578125 0.0109375 0.015625
1 0.720703125 0.24921875 0.0046875 0.0078125
1 0.705859375 0.2515625 0.003125 0.0078125
0 0.712890625 0.246875 0.01953125 0.0171875
1 0.4625 0.747265625 0.00390625 0.0078125
1 0.45625 0.751953125 0.003125 0.00703125
1 0.45078125 0.7515625 0.003125 0.0078125
0 0.45625 0.747265625 0.01796875 0.01796875
0 0.684765625 0.46796875 0.090625 0.07734375
1 0.718359375 0.4765625 0.021875 0.0375
1 0.654296875 0.487890625 0.02265625 0.03671875