1 0.294140625 0.127734375 0.02734375 0.0484375
1 0.207421875 0.126171875 0.02734375 0.04765625
1 0.191015625 0.121875 0.0203125 0.0421875
0 0.24296875 0.1078125 0.13125 0.103125
1 0.969140625 0.335546875 0.02890625 0.02890625
0 0.969140625 0.315625 0.06171875 0.06875
0 0.66328125 0.323828125 0.2765625 0.05234375
1 0.214453125 0.82734375 0.29921875 0.3453125
1 0.644140625 0.729296875 0.0140625 0.03359375
1 0.658203125 0.734765625 0.0203125 0.03828125
1 0.725390625 0.730859375 0.0203125 0.0375
0 0.68515625 0.7171875 0.10234375 0.07734375