1 0.775390625 0.409765625 0.32265625 0.09921875
1 0.015234375 0.72578125 0.00234375 0.00703125
1 0.00390625 0.726953125 0.00234375 0.00625
0 0.009375 0.723046875 0.01484375 0.0140625
1 0.46875 0.639453125 0.02265625 0.05546875
1 0.53203125 0.632421875 0.02109375 0.05546875
1 0.54609375 0.636328125 0.01796875 0.05078125
1 0.333984375 0.6515625 0.00859375 0.040625
1 0.39609375 0.6421875 0.0140625 0.03984375
1 0.37421875 0.644921875 0.01875 0.04296875
0 0.503515625 0.611328125 0.103125 0.1171875
0 0.3671875 0.628125 0.075 0.0875