0 0.04296875 0.1625 0.0671875 0.04453125
1 0.016796875 0.172265625 0.01171875 0.01953125
1 0.02734375 0.172265625 0.0140625 0.02109375
1 0.0703125 0.169140625 0.01171875 0.021875
1 0.293359375 0.284375 0.17265625 0.23125
1 0.682421875 0.205859375 0.31328125 0.38828125
1 0.061328125 0.77890625 0.0046875 0.00703125
1 0.075390625 0.77734375 0.0046875 0.00703125
0 0.068359375 0.775390625 0.01875 0.01484375
1 0.830078125 0.549609375 0.03203125 0.071875
1 0.755859375 0.553125 0.03046875 0.06875
1 0.7171875 0.548828125 0.0234375 0.06015625
0 0.7703125 0.52265625 0.153125 0.14765625