1 0.24453125 0.337109375 0.3015625 0.44453125
1 0.90859375 0.375 0.00390625 0.0078125
1 0.894140625 0.37421875 0.003125 0.0078125
0 0.901953125 0.370703125 0.01875 0.01640625
1 0.7640625 0.374609375 0.009375 0.0140625
1 0.746484375 0.374609375 0.00859375 0.0140625
1 0.72421875 0.375390625 0.009375 0.01328125
1 0.695703125 0.373046875 0.01171875 0.01484375
1 0.647265625 0.37578125 0.01328125 0.02109375
1 0.621484375 0.377734375 0.0140625 0.0234375
1 0.579296875 0.37578125 0.01640625 0.02265625
1 0.535546875 0.374609375 0.0203125 0.02421875
0 0.48046875 0.8578125 0.078125 0.0890625
1 0.461328125 0.872265625 0.02265625 0.04296875
1 0.451171875 0.86640625 0.0171875 0.03828125
1 0.55 0.98828125 0.028125 0.0234375
1 0.610546875 0.994921875 0.02109375 0.01015625
0 0.5765625 0.962109375 0.1140625 0.07578125