0 0.123046875 0.41640625 0.103125 0.06171875
1 0.08359375 0.42578125 0.0125 0.02421875
1 0.111328125 0.429296875 0.01640625 0.0296875
1 0.166015625 0.430078125 0.0140625 0.0296875
1 0.879296875 0.34296875 0.01796875 0.04609375
1 0.830859375 0.341796875 0.01640625 0.04296875
1 0.8125 0.338671875 0.01328125 0.04140625
0 0.846875 0.322265625 0.0875 0.0890625
1 0.3328125 0.75703125 0.0046875 0.0125
1 0.31953125 0.754296875 0.003125 0.0109375
1 0.3171875 0.751953125 0.003125 0.0109375
0 0.325 0.75078125 0.0203125 0.025