0 0.048828125 0.12890625 0.09765625 0.0578125
1 0.0078125 0.13984375 0.01171875 0.02421875
1 0.0359375 0.1421875 0.015625 0.02890625
1 0.090625 0.14140625 0.01328125 0.02890625
1 0.2265625 0.280859375 0.2796875 0.19765625
0 0.811328125 0.298046875 0.084375 0.06484375
1 0.779296875 0.312109375 0.02109375 0.034375
1 0.84453125 0.313671875 0.0171875 0.03515625
1 0.392578125 0.86484375 0.28515625 0.2703125
1 0.454296875 0.68984375 0.02109375 0.025
1 0.427734375 0.68984375 0.01953125 0.0234375
1 0.5171875 0.69140625 0.015625 0.021875
1 0.55390625 0.6890625 0.01484375 0.01953125
1 0.589453125 0.6890625 0.0125 0.01640625
0 0.478125 0.680859375 0.11953125 0.046875