0 0.0546875 0.25234375 0.10078125 0.0796875
1 0.0234375 0.273046875 0.0203125 0.0375
1 0.012890625 0.26640625 0.01328125 0.0359375
1 0.094140625 0.26875 0.0203125 0.040625
0 0.63046875 0.438671875 0.084375 0.08984375
1 0.5984375 0.458984375 0.0171875 0.04921875
1 0.658984375 0.4578125 0.015625 0.046875
1 0.666796875 0.456640625 0.0109375 0.040625
0 0.1859375 0.5875 0.1203125 0.0359375
1 0.234765625 0.585546875 0.02265625 0.03203125
1 0.148046875 0.583203125 0.02421875 0.02734375
1 0.1375 0.5796875 0.01875 0.0203125