0 0.294921875 0.3703125 0.10703125 0.059375
1 0.33828125 0.3875 0.0203125 0.025
1 0.266796875 0.3921875 0.02265625 0.015625
1 0.25546875 0.38984375 0.0171875 0.0203125
0 0.534375 0.071875 0.11171875 0.090625
1 0.577734375 0.08671875 0.0234375 0.0421875
1 0.504296875 0.094140625 0.02421875 0.04296875
1 0.49140625 0.087890625 0.01796875 0.03828125
0 0.05390625 0.79375 0.084375 0.10078125
1 0.086328125 0.8140625 0.01875 0.046875
1 0.026953125 0.81171875 0.021875 0.0453125
0 0.532421875 0.695703125 0.08828125 0.09296875
1 0.5671875 0.7125 0.01875 0.0453125
1 0.50859375 0.71484375 0.01953125 0.04375
1 0.5 0.711328125 0.015625 0.04296875