0 0.421484375 0.402734375 0.10078125 0.0796875
1 0.39140625 0.422265625 0.0203125 0.03984375
1 0.379296875 0.417578125 0.01484375 0.0359375
1 0.461328125 0.416015625 0.02109375 0.03984375
1 0.964453125 0.327734375 0.03125 0.04375
1 0.89921875 0.337109375 0.03828125 0.05234375
1 0.792578125 0.3328125 0.03125 0.04453125
0 0.8875 0.3171875 0.225 0.1
1 0.33359375 0.81640625 0.29375 0.3671875
0 0.91953125 0.736328125 0.03125 0.0203125
1 0.932421875 0.73984375 0.0046875 0.0109375
1 0.907421875 0.74140625 0.00546875 0.01015625