0 0.036328125 0.190625 0.07265625 0.0765625
1 0.062109375 0.201953125 0.0203125 0.0375
1 0.003515625 0.20859375 0.00703125 0.0390625
0 0.619140625 0.429296875 0.02578125 0.02109375
1 0.62890625 0.430859375 0.00546875 0.01015625
1 0.612890625 0.43359375 0.00546875 0.0109375
1 0.608984375 0.434375 0.0046875 0.01015625
0 0.1453125 0.90859375 0.08671875 0.08671875
1 0.178515625 0.92265625 0.01875 0.04453125
1 0.123046875 0.929296875 0.01875 0.04296875
1 0.1125 0.923046875 0.01484375 0.04296875
0 0.62734375 0.9828125 0.1359375 0.034375