0 0.088671875 0.351953125 0.1015625 0.08125
1 0.05546875 0.369921875 0.02109375 0.0375
1 0.0453125 0.3625 0.0140625 0.0359375
1 0.126171875 0.371875 0.02109375 0.040625
0 0.80703125 0.32890625 0.1390625 0.06796875
1 0.84921875 0.34296875 0.02109375 0.0328125
1 0.797265625 0.3421875 0.02265625 0.0328125
1 0.748828125 0.333984375 0.02109375 0.02890625
1 0.633984375 0.482421875 0.10859375 0.21015625
1 0.0203125 0.940625 0.0234375 0.07265625
1 0.00390625 0.946875 0.0078125 0.0859375
0 0.74375 0.98046875 0.0828125 0.0390625