0 0.370703125 0.0265625 0.01796875 0.025
1 0.201953125 0.202734375 0.203125 0.2171875
1 0.28125 0.61328125 0.0203125 0.05625
1 0.34375 0.6125 0.01640625 0.0546875
1 0.3546875 0.615625 0.01484375 0.0484375
1 0.184375 0.6140625 0.015625 0.0421875
1 0.20625 0.61328125 0.0109375 0.03984375
1 0.13828125 0.615625 0.015625 0.04296875
0 0.316015625 0.587890625 0.09375 0.1109375
0 0.170703125 0.59609375 0.084375 0.0828125
1 0.606640625 0.658984375 0.0109375 0.02890625
1 0.5703125 0.6609375 0.00859375 0.0296875
0 0.5890625 0.64609375 0.05 0.06484375
0 0.480078125 0.650390625 0.04921875 0.05625
1 0.491796875 0.6640625 0.009375 0.02578125
1 0.501171875 0.6625 0.00625 0.02265625
1 0.46171875 0.6640625 0.009375 0.028125