1 0.72265625 0.284375 0.003125 0.00625
1 0.710546875 0.284765625 0.003125 0.00625
0 0.71640625 0.281640625 0.015625 0.01328125
1 0.526171875 0.294140625 0.0109375 0.01484375
1 0.5484375 0.294140625 0.0078125 0.0140625
1 0.615625 0.289453125 0.00703125 0.009375
1 0.605859375 0.2890625 0.0078125 0.009375
1 0.591796875 0.289453125 0.00625 0.0109375
1 0.38359375 0.94765625 0.2515625 0.1046875
0 0.0265625 0.842578125 0.0390625 0.02578125
1 0.01171875 0.8484375 0.0078125 0.0140625
1 0.0421875 0.846875 0.00625 0.0140625