0 0.064453125 0.20234375 0.0265625 0.01640625
1 0.275 0.371484375 0.190625 0.19609375
1 0.71640625 0.242578125 0.28046875 0.425
1 0.52265625 0.00390625 0.03125 0.0078125
1 0.291015625 0.52421875 0.00625 0.02109375
1 0.266796875 0.525 0.00625 0.01875
1 0.2625 0.525 0.00390625 0.01875
0 0.27734375 0.515234375 0.03359375 0.040625
1 0.984375 0.927734375 0.003125 0.0078125
1 0.969921875 0.927734375 0.003125 0.0078125
0 0.97734375 0.923828125 0.01796875 0.015625
1 0.83984375 0.93515625 0.00859375 0.01328125
1 0.822265625 0.9359375 0.0078125 0.01328125
1 0.8 0.937890625 0.009375 0.0125
1 0.771484375 0.937109375 0.0109375 0.0140625
1 0.7234375 0.9421875 0.0125 0.0203125
1 0.69765625 0.945703125 0.01328125 0.02265625
1 0.65546875 0.94609375 0.015625 0.021875
1 0.61171875 0.946875 0.01875 0.0234375