1 0.131640625 0.243359375 0.21171875 0.221875
1 0.4921875 0.908203125 0.00390625 0.00703125
1 0.47890625 0.906640625 0.00390625 0.00625
0 0.4859375 0.904296875 0.01875 0.015625
1 0.2296875 0.892578125 0.01328125 0.01796875
1 0.260546875 0.8953125 0.0140625 0.01875
1 0.287890625 0.898828125 0.01015625 0.01640625
1 0.298828125 0.8984375 0.00859375 0.01484375
1 0.373046875 0.901171875 0.0078125 0.01171875
1 0.3609375 0.90078125 0.00859375 0.0109375
1 0.34453125 0.899609375 0.00703125 0.0109375
1 0.92734375 0.722265625 0.0203125 0.02421875
1 0.9625 0.725 0.01953125 0.025