1 0.949609375 0.21796875 0.02734375 0.0703125
1 0.875390625 0.21328125 0.02578125 0.0671875
1 0.837890625 0.20546875 0.01953125 0.059375
0 0.893359375 0.184765625 0.14453125 0.13828125
1 0.00234375 0.689453125 0.0046875 0.05390625
1 0.059375 0.690234375 0.01640625 0.05390625
1 0.07265625 0.6953125 0.01328125 0.05
0 0.040234375 0.665625 0.08046875 0.109375
1 0.7203125 0.544921875 0.0234375 0.03125
1 0.7859375 0.544140625 0.021875 0.03046875
1 0.848828125 0.543359375 0.01640625 0.025
1 0.894921875 0.540234375 0.015625 0.0234375