1 0.08046875 0.275390625 0.1609375 0.21484375
1 0.069140625 0.8890625 0.021875 0.02734375
1 0.110546875 0.8875 0.01796875 0.0265625
1 0.15234375 0.885546875 0.01640625 0.02421875
1 0.1765625 0.881640625 0.0140625 0.02265625
1 0.251171875 0.872265625 0.00859375 0.015625
1 0.22421875 0.8734375 0.0109375 0.015625
1 0.19765625 0.875390625 0.01015625 0.015625
1 0.2734375 0.8703125 0.00859375 0.0140625
1 0.290234375 0.86875 0.01015625 0.0140625
0 0.2234375 0.8671875 0.06484375 0.03515625
0 0.108984375 0.8765625 0.10390625 0.05546875
1 0.4203125 0.85546875 0.00390625 0.0078125
1 0.434375 0.85390625 0.00390625 0.00703125
0 0.426953125 0.8515625 0.01875 0.01640625