1 0.21015625 0.710546875 0.19296875 0.20390625
1 0.444140625 0.55546875 0.0234375 0.03125
1 0.38125 0.552734375 0.02421875 0.0296875
1 0.299609375 0.5515625 0.0109375 0.021875
1 0.24296875 0.55078125 0.01171875 0.02109375
1 0.2578125 0.5515625 0.0078125 0.01875
0 0.27421875 0.544921875 0.07421875 0.03984375
0 0.444140625 0.541796875 0.15234375 0.0609375
0 0.630859375 0.73984375 0.08359375 0.08984375
1 0.606640625 0.76015625 0.01640625 0.04453125
1 0.59765625 0.753515625 0.0109375 0.04140625
1 0.665625 0.759765625 0.0140625 0.04609375