1 0.528125 0.21796875 0.003125 0.00546875
1 0.51875 0.21796875 0.00234375 0.00546875
0 0.5234375 0.215625 0.0125 0.0109375
1 0.455859375 0.220703125 0.003125 0.00625
1 0.45 0.22109375 0.003125 0.00625
1 0.443359375 0.221484375 0.003125 0.00625
1 0.415625 0.222265625 0.00390625 0.0078125
1 0.815234375 0.276171875 0.28203125 0.18671875
1 0.887890625 0.5765625 0.0015625 0.00625
1 0.876953125 0.5765625 0.003125 0.00625
0 0.882421875 0.57421875 0.01328125 0.0125
1 0.765625 0.581640625 0.00546875 0.01171875
1 0.751953125 0.581640625 0.00625 0.0125
1 0.77421875 0.580859375 0.0046875 0.0109375
1 0.78828125 0.580078125 0.0046875 0.00859375
1 0.804296875 0.580078125 0.0046875 0.0078125
1 0.796484375 0.5796875 0.0046875 0.0078125
1 0.732421875 0.5828125 0.00625 0.009375