1 0.394921875 0.544921875 0.31328125 0.24921875
1 0.4296875 0.384375 0.02265625 0.0265625
1 0.403515625 0.387109375 0.02109375 0.025
1 0.492578125 0.379296875 0.0171875 0.0234375
1 0.528515625 0.3734375 0.01640625 0.0203125
1 0.563671875 0.36953125 0.0140625 0.0171875
0 0.45234375 0.373046875 0.12265625 0.0546875
1 0.80625 0.166796875 0.021875 0.0375
0 0.783984375 0.155859375 0.06796875 0.07265625
1 0.562890625 0.773828125 0.01328125 0.03125
1 0.5296875 0.7765625 0.0109375 0.03046875
1 0.516796875 0.77578125 0.009375 0.02734375
0 0.53828125 0.762890625 0.0625 0.0625
1 0.751171875 0.71953125 0.00234375 0.0125