1 0.307421875 0.578125 0.24453125 0.4453125
1 0.19921875 0.338671875 0.02890625 0.0375
1 0.3046875 0.328125 0.0265625 0.03125
1 0.38671875 0.315234375 0.021875 0.025
1 0.358203125 0.316015625 0.02109375 0.02421875
0 0.3875 0.29921875 0.084375 0.0609375
0 0.248046875 0.31953125 0.18359375 0.08046875
1 0.726171875 0.973046875 0.003125 0.00546875
1 0.716796875 0.973828125 0.003125 0.00546875
0 0.721484375 0.97109375 0.01328125 0.01171875
1 0.6546875 0.98203125 0.00390625 0.00625
1 0.648828125 0.9828125 0.00390625 0.00625
1 0.6421875 0.98359375 0.003125 0.00625
1 0.614453125 0.987109375 0.0046875 0.0078125