1 0.08984375 0.258984375 0.1796875 0.38203125
1 0.025 0.029296875 0.025 0.0296875
1 0.1625 0.024609375 0.015625 0.02109375
1 0.108203125 0.024609375 0.0203125 0.0234375
1 0.080078125 0.02265625 0.0203125 0.02265625
0 0.124609375 0.01875 0.11015625 0.0375
0 0.0296875 0.02421875 0.059375 0.0484375
1 0.370703125 0.0203125 0.00703125 0.00859375
1 0.35 0.021484375 0.00625 0.009375
1 0.323828125 0.021484375 0.00859375 0.01015625
1 0.29765625 0.0203125 0.00859375 0.0109375
1 0.501171875 0.31015625 0.0109375 0.0296875
1 0.511328125 0.31640625 0.01640625 0.03125
1 0.5703125 0.316796875 0.01484375 0.03359375
0 0.5375 0.301953125 0.0828125 0.06484375
1 0.230078125 0.81171875 0.0140625 0.053125
1 0.24140625 0.816796875 0.01328125 0.0484375
1 0.166796875 0.8109375 0.01796875 0.0546875
1 0.0921875 0.8046875 0.0109375 0.0390625
1 0.070703125 0.805859375 0.015625 0.04140625
1 0.023828125 0.80546875 0.01484375 0.04140625
0 0.203515625 0.787109375 0.09140625 0.109375
0 0.057421875 0.7875 0.0828125 0.0796875
1 0.552734375 0.734765625 0.01796875 0.05390625
1 0.61640625 0.735546875 0.01640625 0.05390625
1 0.6296875 0.740625 0.01328125 0.05
1 0.412109375 0.729296875 0.015625 0.03984375
1 0.480078125 0.728125 0.0109375 0.0390625
1 0.458203125 0.728125 0.01484375 0.04140625
0 0.590625 0.7109375 0.09453125 0.109375
0 0.44609375 0.710546875 0.08359375 0.08125