1 0.134375 0.494921875 0.0296875 0.0375
1 0.23984375 0.505078125 0.02734375 0.03203125
1 0.37734375 0.512109375 0.0171875 0.02265625
1 0.3234375 0.5078125 0.021875 0.025
1 0.294921875 0.503125 0.021875 0.02421875
0 0.341015625 0.4953125 0.1140625 0.06328125
0 0.186328125 0.485546875 0.184375 0.0828125
0 0.432421875 0.373046875 0.040625 0.028125
1 0.417578125 0.376953125 0.009375 0.0140625
1 0.44765625 0.379296875 0.0078125 0.0140625
1 0.780078125 0.5296875 0.31484375 0.159375
0 0.60546875 0.872265625 0.03046875 0.02265625
1 0.616796875 0.876953125 0.00546875 0.0109375
1 0.59296875 0.875390625 0.00546875 0.0109375