1 0.5515625 0.374609375 0.00234375 0.00625
0 0.5546875 0.371484375 0.009375 0.01328125
1 0.374609375 0.3796875 0.0078125 0.0125
1 0.397265625 0.3796875 0.0078125 0.01328125
1 0.415625 0.380078125 0.00625 0.01171875
1 0.466796875 0.37734375 0.00546875 0.00859375
1 0.458984375 0.376953125 0.00625 0.009375
1 0.447265625 0.376953125 0.0046875 0.01015625
1 0.430859375 0.3765625 0.00546875 0.00859375
1 0.83515625 0.11171875 0.0171875 0.05390625
1 0.846875 0.1171875 0.01171875 0.05078125
1 0.7703125 0.11171875 0.0171875 0.05546875
1 0.696484375 0.105859375 0.0109375 0.0390625
1 0.675 0.10703125 0.0140625 0.040625
1 0.628515625 0.10625 0.015625 0.03984375
0 0.807421875 0.08828125 0.0921875 0.109375
0 0.6625 0.08828125 0.0828125 0.0796875
1 0.007421875 0.4734375 0.01484375 0.0359375
1 0.795703125 0.8609375 0.28671875 0.278125