1 0.328125 0.26484375 0.01015625 0.01484375
1 0.355078125 0.2625 0.01171875 0.015625
1 0.37734375 0.260546875 0.00859375 0.01484375
1 0.444140625 0.25 0.0078125 0.01015625
1 0.434375 0.250390625 0.00859375 0.01015625
1 0.4203125 0.25234375 0.00703125 0.01171875
1 0.79453125 0.5015625 0.3078125 0.25625
1 0.41640625 0.7015625 0.0203125 0.03671875
1 0.349609375 0.70546875 0.0234375 0.034375
0 0.380859375 0.6890625 0.09296875 0.07578125
1 0.482421875 0.70234375 0.0078125 0.01953125
1 0.496484375 0.708203125 0.01015625 0.021875
1 0.5203125 0.70390625 0.0078125 0.02109375
0 0.49921875 0.696484375 0.05 0.0484375