0 0.383984375 0.29296875 0.11640625 0.09453125
1 0.3375 0.294921875 0.01796875 0.0375
1 0.3484375 0.3015625 0.02578125 0.0453125
1 0.42578125 0.31484375 0.025 0.04921875
0 0.938671875 0.2515625 0.1046875 0.0828125
1 0.907421875 0.265625 0.02265625 0.0390625
1 0.896484375 0.256640625 0.0171875 0.03671875
1 0.97578125 0.27265625 0.021875 0.03984375
0 0.739453125 0.77265625 0.103125 0.084375
1 0.7765625 0.789453125 0.021875 0.04140625
1 0.708203125 0.7875 0.021875 0.03984375
1 0.696875 0.78125 0.01640625 0.0359375