0 0.471484375 0.313671875 0.103125 0.0796875
1 0.5125 0.332421875 0.01875 0.04140625
1 0.43984375 0.332421875 0.01953125 0.0390625
1 0.427734375 0.325 0.0140625 0.03515625
1 0.762109375 0.40859375 0.28828125 0.3828125
1 0.63046875 0.18203125 0.01875 0.03203125
1 0.688671875 0.185546875 0.02578125 0.0421875
1 0.7515625 0.186328125 0.0203125 0.0359375
0 0.6875 0.16953125 0.15 0.0765625
0 0.8421875 0.849609375 0.08046875 0.08671875
1 0.81796875 0.86953125 0.0140625 0.04375
1 0.808203125 0.86328125 0.01015625 0.03984375
1 0.873828125 0.86640625 0.01484375 0.04375