0 0.215625 0.20546875 0.10390625 0.08046875
1 0.256640625 0.223046875 0.0203125 0.0390625
1 0.184375 0.225390625 0.0203125 0.03984375
1 0.172265625 0.21875 0.0140625 0.03671875
1 0.83515625 0.4203125 0.2078125 0.1390625
1 0.620703125 0.32734375 0.0328125 0.0453125
1 0.716796875 0.317578125 0.02578125 0.03984375
1 0.562890625 0.32421875 0.02578125 0.04296875
0 0.625390625 0.308203125 0.209375 0.090625
0 0.0984375 0.6859375 0.11171875 0.0875
1 0.063671875 0.705859375 0.021875 0.04375
1 0.142578125 0.704296875 0.02265625 0.04453125
1 0.051953125 0.698828125 0.015625 0.0390625
0 0.703125 0.57421875 0.21875 0.16875
1 0.789453125 0.605859375 0.0453125 0.09296875
1 0.62734375 0.610546875 0.04453125 0.090625
1 0.61015625 0.601171875 0.025 0.07265625