0 0.05390625 0.1984375 0.10234375 0.07890625
1 0.094921875 0.2171875 0.01953125 0.03828125
1 0.02265625 0.21796875 0.01953125 0.03984375
1 0.010546875 0.2109375 0.01328125 0.03671875
1 0.7390625 0.454296875 0.01328125 0.04296875
1 0.732421875 0.449609375 0.0109375 0.04140625
1 0.796484375 0.44296875 0.015625 0.04453125
0 0.766015625 0.43203125 0.078125 0.08828125
0 0.683203125 0.939453125 0.06328125 0.0671875
1 0.70859375 0.95546875 0.01171875 0.0328125
1 0.6671875 0.95625 0.01328125 0.03203125
1 0.657421875 0.94921875 0.01015625 0.03203125