1 0.792578125 0.28359375 0.20390625 0.071875
0 0.6 0.158203125 0.0203125 0.01640625
1 0.293359375 0.696875 0.00390625 0.00703125
1 0.280078125 0.69609375 0.00390625 0.00625
0 0.287109375 0.693359375 0.01796875 0.01484375
1 0.03046875 0.690625 0.0125 0.0171875
1 0.06171875 0.6921875 0.01328125 0.01875
1 0.0890625 0.694921875 0.01015625 0.015625
1 0.1 0.694140625 0.00859375 0.01484375
1 0.17421875 0.694140625 0.0078125 0.01171875
1 0.162109375 0.69453125 0.0078125 0.0109375
1 0.145703125 0.69375 0.00703125 0.0109375
1 0.67421875 0.501953125 0.025 0.03203125
1 0.73984375 0.5046875 0.0234375 0.03203125
1 0.802734375 0.50703125 0.01796875 0.02578125
1 0.84921875 0.506640625 0.01640625 0.02421875