1 0.169140625 0.2671875 0.00859375 0.015625
1 0.1484375 0.26875 0.00546875 0.015625
1 0.24765625 0.259765625 0.00625 0.01953125
1 0.226953125 0.261328125 0.00625 0.01875
0 0.23671875 0.252734375 0.0296875 0.03671875
0 0.158984375 0.259765625 0.02890625 0.03359375
1 0.934765625 0.10625 0.00234375 0.00703125
1 0.9265625 0.108984375 0.00234375 0.00703125
1 0.92421875 0.108203125 0.00234375 0.00625
0 0.9296875 0.10546875 0.01328125 0.01484375
0 0.528515625 0.986328125 0.11640625 0.02734375
0 0.337109375 0.987890625 0.20703125 0.02421875
0 0.91640625 0.950390625 0.090625 0.07109375
1 0.880078125 0.96171875 0.01328125 0.03125
1 0.891796875 0.9671875 0.01875 0.03515625
1 0.951953125 0.962109375 0.01796875 0.034375