1 0.27578125 0.033984375 0.0078125 0.01875
1 0.265234375 0.03125 0.00703125 0.01875
1 0.297265625 0.02578125 0.0078125 0.01875
0 0.28125 0.0234375 0.04140625 0.04375
1 0.696875 0.076171875 0.0328125 0.0421875
1 0.826171875 0.08203125 0.0265625 0.03359375
1 0.941015625 0.08125 0.021875 0.02578125
1 0.90859375 0.079296875 0.015625 0.0234375
1 0.998046875 0.0828125 0.00390625 0.0234375
1 0.878515625 0.2484375 0.24296875 0.2625
0 0.95 0.0703125 0.1 0.05625
0 0.766015625 0.063671875 0.20625 0.08359375