1 0.77265625 0.397265625 0.321875 0.20546875
1 0.817578125 0.265234375 0.021875 0.02734375
1 0.79453125 0.262890625 0.01796875 0.0234375
1 0.891015625 0.272265625 0.01875 0.02421875
1 0.934765625 0.273828125 0.01484375 0.0203125
1 0.91328125 0.271875 0.015625 0.01953125
1 0.987109375 0.2796875 0.0140625 0.01953125
0 0.84453125 0.258203125 0.11953125 0.0578125
0 0.95078125 0.26640625 0.090625 0.04609375
1 0.459765625 0.98203125 0.00703125 0.0125
1 0.446484375 0.98046875 0.0078125 0.01328125
1 0.46875 0.98203125 0.00625 0.0109375
1 0.4828125 0.9828125 0.00546875 0.009375
1 0.4984375 0.984375 0.00546875 0.00859375
1 0.491015625 0.983203125 0.00625 0.00859375
1 0.426953125 0.9796875 0.00703125 0.01015625