1 0.063671875 0.010546875 0.00703125 0.0125
1 0.052734375 0.00546875 0.00546875 0.0109375
0 0.064453125 0.008984375 0.03515625 0.01796875
1 0.07890625 0.00625 0.0046875 0.0125
1 0.962109375 0.415234375 0.00390625 0.0078125
1 0.973828125 0.416015625 0.00390625 0.00703125
0 0.96796875 0.41328125 0.01640625 0.0140625
1 0.79296875 0.400390625 0.0078125 0.01171875
1 0.815234375 0.40234375 0.0078125 0.01328125
1 0.83203125 0.40390625 0.00625 0.0125
1 0.86171875 0.40546875 0.00546875 0.01015625
1 0.84609375 0.404296875 0.00703125 0.01015625
1 0.870703125 0.40703125 0.00546875 0.009375
1 0.88046875 0.407421875 0.0046875 0.0078125
0 0.812109375 0.396875 0.0484375 0.02890625
1 0.5578125 0.996875 0.0125 0.00625
0 0.565625 0.992578125 0.028125 0.01484375