1 0.67265625 0.31171875 0.2984375 0.2765625
1 0.994140625 0.0890625 0.01171875 0.015625
0 0.99375 0.084375 0.0125 0.028125
1 0.362109375 0.76484375 0.00390625 0.00859375
1 0.347265625 0.765625 0.003125 0.00703125
0 0.355078125 0.762109375 0.01953125 0.015625
1 0.187890625 0.78515625 0.0109375 0.015625
1 0.163671875 0.787890625 0.0109375 0.01640625
1 0.13203125 0.79140625 0.0140625 0.0171875
1 0.094921875 0.794140625 0.01484375 0.0203125
1 0.0625 0.796484375 0.01484375 0.0203125
1 0.0046875 0.80859375 0.009375 0.0296875
1 0.393359375 0.673828125 0.00703125 0.02109375
1 0.426171875 0.672265625 0.0125 0.01953125
1 0.45703125 0.669921875 0.0109375 0.01796875
1 0.48125 0.6671875 0.01171875 0.01640625
1 0.63984375 0.651953125 0.00390625 0.00859375
1 0.65546875 0.651171875 0.00390625 0.00859375
0 0.647265625 0.648046875 0.0203125 0.0171875
0 0.41171875 0.66484375 0.04375 0.0453125