1 0.49375 0.178515625 0.0078125 0.0203125
1 0.487890625 0.17734375 0.00546875 0.01875
1 0.51875 0.1765625 0.00703125 0.01953125
0 0.50390625 0.16875 0.03828125 0.0421875
1 0.428515625 0.546484375 0.0171875 0.04609375
1 0.380078125 0.545703125 0.015625 0.04296875
1 0.36171875 0.543359375 0.0125 0.04140625
0 0.39609375 0.526171875 0.0859375 0.0875
1 0.803515625 0.81796875 0.0203125 0.0390625
1 0.732421875 0.8171875 0.02109375 0.0390625
1 0.71875 0.809375 0.015625 0.03671875
0 0.762890625 0.799609375 0.10546875 0.08046875