1 0.56484375 0.31484375 0.00546875 0.0125
1 0.551171875 0.31875 0.00546875 0.01171875
1 0.546875 0.31875 0.00390625 0.01171875
0 0.555859375 0.31171875 0.02421875 0.0265625
1 0.91015625 0.26875 0.00546875 0.009375
1 0.93671875 0.262890625 0.00625 0.009375
1 0.92109375 0.2671875 0.00546875 0.009375
0 0.923046875 0.26171875 0.0359375 0.02421875
1 0.790234375 0.80234375 0.00859375 0.01875
1 0.779296875 0.801171875 0.0078125 0.01875
1 0.81015625 0.791015625 0.00859375 0.01953125
0 0.794140625 0.791015625 0.04296875 0.0453125