1 0.775390625 0.00703125 0.0046875 0.0125
1 0.7609375 0.008203125 0.00546875 0.01171875
1 0.756640625 0.007421875 0.00390625 0.01171875
0 0.766796875 0.0078125 0.02421875 0.015625
1 0.2953125 0.783203125 0.00234375 0.00625
1 0.284375 0.78203125 0.00390625 0.00703125
0 0.28984375 0.780078125 0.0140625 0.01328125
1 0.173046875 0.77734375 0.00625 0.0125
1 0.159375 0.776171875 0.0078125 0.01328125
1 0.181640625 0.77734375 0.00625 0.0109375
1 0.195703125 0.777734375 0.00546875 0.00859375
1 0.21171875 0.779296875 0.0046875 0.0078125
1 0.20390625 0.778125 0.00546875 0.00859375
1 0.13984375 0.77578125 0.00703125 0.01015625
1 0.880078125 0.65625 0.009375 0.0140625
1 0.8625 0.65546875 0.009375 0.0140625
1 0.840234375 0.65546875 0.01015625 0.01328125
1 0.81171875 0.65234375 0.0125 0.015625
1 0.763671875 0.653125 0.0140625 0.021875
1 0.7375 0.654296875 0.01484375 0.0234375
1 0.695703125 0.651171875 0.0171875 0.02265625
1 0.651953125 0.648046875 0.0203125 0.02421875