1 0.169140625 0.304296875 0.00234375 0.009375
1 0.16484375 0.304296875 0.0015625 0.00859375
1 0.18046875 0.305859375 0.003125 0.009375
0 0.173046875 0.300390625 0.01796875 0.0203125
1 0.24609375 0.6125 0.0203125 0.040625
1 0.171875 0.61328125 0.0203125 0.04140625
1 0.1578125 0.60703125 0.0125 0.0375
0 0.203515625 0.594140625 0.10625 0.0796875
0 0.753125 0.54453125 0.103125 0.08125
1 0.719140625 0.5609375 0.01953125 0.040625
1 0.70859375 0.55390625 0.0140625 0.03828125
1 0.795703125 0.562890625 0.0171875 0.0421875