1 0.121484375 0.2359375 0.00390625 0.0078125
1 0.115234375 0.240234375 0.00234375 0.00703125
1 0.109765625 0.23984375 0.00234375 0.0078125
0 0.115234375 0.235546875 0.0171875 0.0171875
1 0.90390625 0.055859375 0.0046875 0.01328125
1 0.89921875 0.054296875 0.00390625 0.0125
1 0.917578125 0.049609375 0.00390625 0.0125
0 0.907421875 0.048828125 0.025 0.02890625
1 0.79140625 0.593359375 0.0125 0.0171875
1 0.82265625 0.591015625 0.01328125 0.01875
1 0.85 0.590625 0.01015625 0.015625
1 0.860546875 0.58828125 0.0078125 0.01484375
1 0.934375 0.579296875 0.0078125 0.0109375
1 0.92265625 0.58125 0.0078125 0.0109375
1 0.90625 0.582421875 0.00703125 0.0109375