1 0.6453125 0.2265625 0.009375 0.09375
1 0.594921875 0.212890625 0.0359375 0.08203125
0 0.6078125 0.180078125 0.084375 0.18671875
1 0.434765625 0.5578125 0.009375 0.02109375
1 0.424609375 0.5546875 0.00859375 0.0203125
1 0.46015625 0.550390625 0.009375 0.021875
0 0.442578125 0.550390625 0.04765625 0.04140625
1 0.883203125 0.879296875 0.23359375 0.24140625
1 0.762109375 0.712890625 0.034375 0.03984375
1 0.884375 0.723046875 0.02578125 0.03515625
1 0.962890625 0.726953125 0.01640625 0.025
1 0.983984375 0.728515625 0.02109375 0.0265625
0 0.8296875 0.7046875 0.1953125 0.0890625
0 0.976953125 0.721484375 0.04609375 0.06015625