1 0.270703125 0.3578125 0.025 0.059375
1 0.33203125 0.3625 0.01875 0.05
1 0.214453125 0.358984375 0.02421875 0.0515625
1 0.175390625 0.354296875 0.015625 0.0421875
1 0.129296875 0.35390625 0.01484375 0.03984375
0 0.2765625 0.333203125 0.1484375 0.11015625
1 0.096484375 0.551953125 0.00234375 0.009375
1 0.0921875 0.551953125 0.0015625 0.00859375
1 0.1078125 0.553515625 0.003125 0.009375
0 0.100390625 0.548046875 0.01796875 0.0203125
1 0.841796875 0.615234375 0.03828125 0.0515625
1 0.680078125 0.613671875 0.04140625 0.04921875
0 0.793359375 0.59375 0.26796875 0.09375