0 0.269921875 0.0734375 0.021875 0.02578125
1 0.27734375 0.080859375 0.0046875 0.0109375
1 0.26171875 0.078515625 0.00546875 0.0125
1 0.6921875 0.392578125 0.03125 0.06171875
1 0.752734375 0.403515625 0.02421875 0.0515625
1 0.6359375 0.387890625 0.0296875 0.05390625
1 0.59765625 0.37890625 0.0203125 0.04375
1 0.551953125 0.373828125 0.01875 0.04140625
0 0.700390625 0.368359375 0.159375 0.125
1 0.106640625 0.819921875 0.21328125 0.36015625
0 0.590234375 0.556640625 0.08046875 0.0671875
1 0.617578125 0.57265625 0.01953125 0.034375
1 0.560546875 0.5640625 0.01953125 0.0328125