0 0.282421875 0.176171875 0.01484375 0.06015625
1 0.28359375 0.183203125 0.00859375 0.02578125
1 0.305859375 0.30625 0.01328125 0.021875
1 0.38125 0.305859375 0.00859375 0.015625
1 0.354296875 0.304296875 0.0109375 0.015625
1 0.327734375 0.302734375 0.01015625 0.015625
1 0.403515625 0.306640625 0.00859375 0.0140625
1 0.420703125 0.307421875 0.009375 0.0140625
0 0.354296875 0.29765625 0.0640625 0.034375
1 0.551171875 0.31015625 0.00390625 0.0078125
1 0.565234375 0.31015625 0.00390625 0.00703125
0 0.558203125 0.30703125 0.01875 0.01640625