1 0.784375 0.01953125 0.00390625 0.00703125
1 0.7984375 0.019140625 0.00390625 0.00703125
0 0.79140625 0.01640625 0.01796875 0.0140625
1 0.53828125 0.025 0.0109375 0.0171875
1 0.569140625 0.024609375 0.0109375 0.0171875
1 0.59609375 0.026171875 0.0078125 0.015625
1 0.606640625 0.025 0.00625 0.0140625
1 0.680078125 0.02109375 0.00625 0.0109375
1 0.6671875 0.021875 0.00625 0.01171875
1 0.65234375 0.021875 0.00625 0.01171875
1 0.630859375 0.021484375 0.00703125 0.0109375
0 0.566015625 0.019140625 0.06875 0.02890625
1 0.51953125 0.490234375 0.02578125 0.05625
1 0.401953125 0.48515625 0.028125 0.0578125
1 0.381640625 0.486328125 0.00390625 0.04765625
0 0.46875 0.4625 0.178125 0.1125