0 0.333203125 0.26328125 0.03828125 0.0484375
0 0.23828125 0.260546875 0.03828125 0.0453125
1 0.346875 0.273828125 0.00859375 0.02421875
1 0.318359375 0.2734375 0.0078125 0.02421875
1 0.24765625 0.271875 0.00703125 0.0203125
1 0.25390625 0.271484375 0.0046875 0.01796875
1 0.223046875 0.2703125 0.0078125 0.021875
1 0.8203125 0.233984375 0.2921875 0.15078125
1 0.914453125 0.622265625 0.0046875 0.0125
1 0.9 0.62421875 0.0046875 0.01171875
1 0.89609375 0.6234375 0.00390625 0.01171875
0 0.905859375 0.61796875 0.02265625 0.025