1 0.0953125 0.205078125 0.009375 0.01640625
1 0.075 0.2078125 0.00625 0.015625
1 0.1734375 0.193359375 0.00703125 0.01953125
1 0.152734375 0.196484375 0.00703125 0.01875
0 0.162109375 0.1875 0.03125 0.0375
0 0.084765625 0.1984375 0.03046875 0.03515625
1 0.708203125 0.3171875 0.00625 0.0109375
1 0.72421875 0.3140625 0.00546875 0.009375
0 0.715625 0.312890625 0.0234375 0.0203125
0 0.1734375 0.8234375 0.0421875 0.05078125
0 0.079296875 0.835546875 0.0421875 0.04765625
1 0.188671875 0.831640625 0.01015625 0.025
1 0.16015625 0.835546875 0.009375 0.025
1 0.090234375 0.844921875 0.00859375 0.0203125
1 0.096484375 0.84375 0.00625 0.01796875
1 0.065625 0.84765625 0.009375 0.02265625
1 0.796484375 0.886328125 0.23359375 0.22734375