1 0.259375 0.281640625 0.0046875 0.015625
1 0.24140625 0.282421875 0.0046875 0.01484375
1 0.2390625 0.28203125 0.00390625 0.01484375
0 0.24921875 0.274609375 0.025 0.03125
0 0.958203125 0.459375 0.0203125 0.0171875
1 0.950390625 0.46328125 0.00390625 0.009375
1 0.96640625 0.462890625 0.00390625 0.009375
1 0.687890625 0.480078125 0.01796875 0.02578125
1 0.625390625 0.482421875 0.0203125 0.03125
0 0.651953125 0.466796875 0.090625 0.05234375
0 0.59765625 0.46796875 0.0765625 0.0625
1 0.19765625 0.640234375 0.0078125 0.02265625
1 0.22265625 0.63203125 0.00859375 0.02265625
1 0.186328125 0.636328125 0.00703125 0.02109375
0 0.20390625 0.62734375 0.04609375 0.0484375
0 0.71953125 0.68125 0.0578125 0.0578125
1 0.744140625 0.69375 0.0078125 0.025
1 0.71328125 0.69609375 0.01015625 0.0265625
1 0.698046875 0.688671875 0.0078125 0.02578125