1 0.844921875 0.04765625 0.028125 0.06484375
1 0.778515625 0.055859375 0.02578125 0.0625
1 0.75078125 0.05546875 0.01953125 0.05625
0 0.795703125 0.044921875 0.12734375 0.08984375
1 0.167578125 0.886328125 0.20625 0.21953125
1 0.958203125 0.937890625 0.02109375 0.0515625
1 0.969921875 0.943359375 0.015625 0.0484375
1 0.898828125 0.94453125 0.0203125 0.05390625
1 0.82421875 0.94765625 0.01328125 0.03671875
1 0.80546875 0.9484375 0.0140625 0.04140625
1 0.759375 0.955078125 0.01875 0.0421875
0 0.93125 0.91875 0.09453125 0.1125
0 0.788671875 0.933203125 0.08515625 0.08515625