1 0.280859375 0.444140625 0.0078125 0.0234375
1 0.256640625 0.44296875 0.0078125 0.021875
1 0.25234375 0.443359375 0.00546875 0.01875
0 0.26796875 0.434765625 0.03671875 0.04296875
1 0.58984375 0.38359375 0.0234375 0.03046875
1 0.639453125 0.387890625 0.0234375 0.03203125
1 0.694921875 0.3921875 0.02109375 0.03203125
1 0.731640625 0.393359375 0.0171875 0.02734375
1 0.79765625 0.393359375 0.0140625 0.01796875
1 0.7671875 0.391015625 0.0109375 0.01640625
1 0.829296875 0.39609375 0.01171875 0.01640625
1 0.85546875 0.3984375 0.0109375 0.015625
1 0.87578125 0.398828125 0.01015625 0.01484375
0 0.64296875 0.37265625 0.13046875 0.07265625
0 0.798828125 0.3859375 0.07421875 0.04140625