1 0.866796875 0.297265625 0.01796875 0.0421875
1 0.8203125 0.30234375 0.0171875 0.04375
1 0.79765625 0.29765625 0.01484375 0.0390625
0 0.832421875 0.281640625 0.09140625 0.0921875
1 0.278125 0.48671875 0.01484375 0.0328125
1 0.291796875 0.495703125 0.0203125 0.03671875
1 0.3578125 0.498828125 0.01953125 0.0375
0 0.319921875 0.48046875 0.1 0.0765625
1 0.71640625 0.441796875 0.00859375 0.02265625
1 0.74140625 0.434375 0.009375 0.0234375
1 0.7046875 0.4375 0.0078125 0.02109375
0 0.72265625 0.42890625 0.04765625 0.04921875