1 0.030078125 0.3390625 0.0046875 0.01328125
1 0.047265625 0.340234375 0.00546875 0.015625
0 0.0390625 0.3328125 0.0234375 0.0296875
0 0.57734375 0.297265625 0.0890625 0.06953125
1 0.540234375 0.304296875 0.01328125 0.03125
1 0.551171875 0.3109375 0.01796875 0.03515625
1 0.611328125 0.31328125 0.01796875 0.034375
0 0.67109375 0.650390625 0.02109375 0.0171875
1 0.67890625 0.65390625 0.00390625 0.00859375
1 0.662890625 0.653515625 0.0046875 0.00859375
1 0.462109375 0.65390625 0.01328125 0.01953125
1 0.425390625 0.654296875 0.01484375 0.021875
1 0.3765625 0.653515625 0.01796875 0.02578125
1 0.32734375 0.651171875 0.015625 0.02890625
0 0.353125 0.639453125 0.0671875 0.05859375