1 0.92265625 0.318359375 0.00234375 0.00625
1 0.91171875 0.3171875 0.00390625 0.00703125
0 0.9171875 0.315234375 0.0140625 0.01328125
1 0.800390625 0.3125 0.00625 0.0125
1 0.78671875 0.311328125 0.0078125 0.01328125
1 0.808984375 0.3125 0.00625 0.0109375
1 0.823046875 0.312890625 0.00546875 0.00859375
1 0.8390625 0.314453125 0.0046875 0.0078125
1 0.83125 0.31328125 0.00546875 0.00859375
1 0.7671875 0.3109375 0.00703125 0.01015625
0 0.47890625 0.946484375 0.275 0.10703125
1 0.38359375 0.967578125 0.03515625 0.04921875
1 0.5234375 0.97734375 0.053125 0.0453125
1 0.588671875 0.982421875 0.03046875 0.03515625