1 0.20234375 0.059765625 0.00703125 0.02109375
1 0.178125 0.05625 0.00703125 0.02109375
1 0.1734375 0.05625 0.0046875 0.01953125
0 0.18828125 0.049609375 0.03515625 0.04296875
1 0.3734375 0.56875 0.025 0.046875
1 0.287109375 0.5625 0.025 0.046875
1 0.27109375 0.557421875 0.01796875 0.04140625
0 0.3234375 0.54609375 0.1265625 0.096875
1 0.83203125 0.53828125 0.0203125 0.0515625
1 0.865234375 0.541015625 0.0296875 0.06171875
1 0.9734375 0.544921875 0.03203125 0.06171875
0 0.903125 0.519921875 0.175 0.11796875