1 0.349609375 0.03828125 0.02109375 0.0265625
1 0.391015625 0.0375 0.0171875 0.0265625
1 0.4328125 0.036328125 0.01640625 0.02421875
1 0.457421875 0.0328125 0.01328125 0.021875
1 0.53203125 0.024609375 0.00859375 0.015625
1 0.505078125 0.02578125 0.0109375 0.015625
1 0.478515625 0.026953125 0.01015625 0.015625
1 0.554296875 0.023046875 0.00859375 0.0140625
1 0.571484375 0.021875 0.009375 0.0140625
0 0.504296875 0.019140625 0.0640625 0.034375
0 0.38984375 0.0265625 0.103125 0.053125
1 0.7015625 0.0109375 0.00390625 0.0078125
1 0.715234375 0.009375 0.00390625 0.00703125
0 0.7078125 0.007421875 0.01875 0.01484375
0 0.18671875 0.44609375 0.1078125 0.0734375
1 0.153515625 0.457421875 0.021875 0.04140625
1 0.142578125 0.451171875 0.015625 0.0390625
1 0.230078125 0.45546875 0.01953125 0.04375