1 0.14765625 0.002734375 0.0046875 0.00546875
1 0.658984375 0.448046875 0.01796875 0.0234375
1 0.70234375 0.44609375 0.01328125 0.0203125
1 0.741796875 0.44296875 0.01328125 0.01953125
1 0.771875 0.440625 0.0109375 0.01640625
1 0.965625 0.423046875 0.00390625 0.0078125
1 0.950390625 0.425 0.003125 0.0078125
0 0.958203125 0.42109375 0.01875 0.01484375
1 0.527734375 0.90625 0.025 0.05078125
1 0.435546875 0.899609375 0.02578125 0.05
1 0.41640625 0.893359375 0.0171875 0.0453125
0 0.47265625 0.883203125 0.1359375 0.10234375