1 0.333203125 0.311328125 0.00390625 0.01328125
1 0.31796875 0.311328125 0.00390625 0.01328125
0 0.324609375 0.305859375 0.021875 0.0265625
1 0.634765625 0.14140625 0.01875 0.0234375
1 0.6703125 0.139453125 0.01875 0.0234375
1 0.713671875 0.13671875 0.0140625 0.0203125
1 0.752734375 0.133203125 0.01328125 0.0203125
1 0.7828125 0.130078125 0.01171875 0.01640625
1 0.9765625 0.109375 0.00390625 0.0078125
1 0.961328125 0.111328125 0.003125 0.0078125
0 0.96875 0.107421875 0.01875 0.015625
1 0.015625 0.634375 0.0078125 0.02265625
0 0.009765625 0.62421875 0.01953125 0.05