1 0.276171875 0.058203125 0.0203125 0.0546875
1 0.28828125 0.062890625 0.0140625 0.0515625
1 0.211328125 0.063671875 0.0203125 0.05625
1 0.1375 0.064453125 0.01328125 0.03984375
1 0.116015625 0.067578125 0.01640625 0.04140625
1 0.069921875 0.07109375 0.01796875 0.040625
0 0.246484375 0.047265625 0.09765625 0.09453125
0 0.101953125 0.05 0.08671875 0.084375
1 0.23359375 0.384375 0.01171875 0.034375
1 0.19609375 0.389453125 0.0140625 0.03203125
1 0.178515625 0.383203125 0.0109375 0.03046875
0 0.203515625 0.371875 0.07265625 0.07109375