1 0.441015625 0.31484375 0.00546875 0.01328125
1 0.425 0.313671875 0.00625 0.0140625
0 0.43359375 0.308984375 0.0234375 0.02734375
0 0.845703125 0.1609375 0.11171875 0.09140625
1 0.810546875 0.173828125 0.0234375 0.0421875
1 0.80078125 0.165625 0.01796875 0.03984375
1 0.886328125 0.18359375 0.021875 0.04453125
0 0.088671875 0.85078125 0.090625 0.0734375
1 0.0609375 0.86328125 0.01796875 0.03515625
1 0.051171875 0.85703125 0.0140625 0.03359375
1 0.121484375 0.868359375 0.01875 0.0375
1 0.644921875 0.797265625 0.0171875 0.03671875
1 0.657421875 0.805859375 0.02265625 0.040625
1 0.729296875 0.81328125 0.02265625 0.04140625
0 0.690234375 0.791015625 0.11015625 0.0875