0 0.218359375 0.176953125 0.1015625 0.11875
0 0.0734375 0.16484375 0.0890625 0.08671875
1 0.242578125 0.20390625 0.0203125 0.05546875
1 0.254296875 0.209375 0.01640625 0.0515625
1 0.1796875 0.197265625 0.02265625 0.05625
1 0.038671875 0.179296875 0.01875 0.04296875
1 0.08515625 0.184375 0.02109375 0.04375
1 0.044140625 0.3953125 0.0109375 0.0234375
1 0.030859375 0.387109375 0.00859375 0.02265625
1 0.070703125 0.396875 0.009375 0.025
0 0.050390625 0.38359375 0.05625 0.05390625
0 0.954296875 0.630078125 0.0375 0.02421875
1 0.93984375 0.6328125 0.00625 0.01171875
1 0.951953125 0.634375 0.00546875 0.01015625
1 0.96875 0.633203125 0.00703125 0.0109375