0 0.46484375 0.26640625 0.2703125 0.125
1 0.37109375 0.287109375 0.03359375 0.0484375
1 0.5125 0.28828125 0.0515625 0.06484375
1 0.57734375 0.2796875 0.0296875 0.046875
1 0.44921875 0.3734375 0.2390625 0.1328125
1 0.006640625 0.921875 0.01328125 0.0265625
1 0.046875 0.920703125 0.01640625 0.02421875
1 0.071484375 0.9171875 0.01328125 0.021875
1 0.14609375 0.908984375 0.00859375 0.015625
1 0.119140625 0.91015625 0.0109375 0.015625
1 0.092578125 0.911328125 0.01015625 0.015625
1 0.168359375 0.907421875 0.00859375 0.0140625
1 0.185546875 0.90625 0.009375 0.0140625
0 0.118359375 0.903515625 0.0640625 0.034375
0 0.027734375 0.910546875 0.05546875 0.05390625
1 0.315625 0.8953125 0.00390625 0.0078125
1 0.328515625 0.893359375 0.00234375 0.00703125
0 0.32109375 0.891015625 0.0171875 0.01640625