1 0.52734375 0.262890625 0.0046875 0.03046875
1 0.49765625 0.264453125 0.009375 0.03046875
1 0.484765625 0.26328125 0.00859375 0.0265625
0 0.503515625 0.2515625 0.05234375 0.059375
1 0.985546875 0.111328125 0.00234375 0.00703125
1 0.977734375 0.113671875 0.00234375 0.00703125
1 0.975390625 0.112890625 0.0015625 0.00625
0 0.98046875 0.11015625 0.01328125 0.0140625
1 0.0859375 0.821484375 0.0125 0.03359375
1 0.0953125 0.825390625 0.0171875 0.03515625
1 0.16015625 0.818359375 0.0203125 0.0375
0 0.124609375 0.80625 0.0921875 0.0765625
1 0.665234375 0.622265625 0.00546875 0.0140625
1 0.64921875 0.623046875 0.0046875 0.01484375
0 0.65703125 0.616796875 0.021875 0.02734375