1 0.23125 0.071484375 0.01015625 0.03359375
1 0.19375 0.074609375 0.0125 0.03203125
1 0.176171875 0.0671875 0.009375 0.03046875
0 0.201953125 0.05703125 0.06953125 0.06796875
1 0.408203125 0.795703125 0.2015625 0.21875
1 0.503125 0.6390625 0.015625 0.01875
1 0.475 0.64140625 0.0140625 0.0234375
1 0.424609375 0.63984375 0.01484375 0.0203125
0 0.458984375 0.641796875 0.10390625 0.02421875
1 0.666796875 0.641796875 0.01796875 0.02421875
1 0.604296875 0.645703125 0.0203125 0.03125
0 0.63046875 0.642578125 0.090625 0.02578125
0 0.5671875 0.646875 0.0953125 0.034375