0 0.0734375 0.362890625 0.021875 0.02421875
1 0.08125 0.365234375 0.00546875 0.0140625
1 0.804296875 0.234765625 0.0046875 0.01328125
1 0.788671875 0.234375 0.00546875 0.01328125
0 0.796484375 0.228515625 0.02109375 0.02734375
1 0.37890625 0.5328125 0.0203125 0.0265625
1 0.38984375 0.53515625 0.0140625 0.03125
1 0.31484375 0.53203125 0.0203125 0.025
1 0.21953125 0.523828125 0.0171875 0.00859375
0 0.352734375 0.535546875 0.09765625 0.03203125
1 0.76796875 0.558203125 0.009375 0.021875
1 0.75625 0.5515625 0.0078125 0.02109375
1 0.792578125 0.565625 0.00859375 0.02109375
0 0.775390625 0.5515625 0.04765625 0.05