1 0.996875 0.076953125 0.0046875 0.01328125
1 0.980859375 0.07734375 0.0046875 0.0140625
0 0.9890625 0.071875 0.0203125 0.025
1 0.2859375 0.515234375 0.0109375 0.0375
1 0.244140625 0.516015625 0.0125 0.0359375
1 0.22890625 0.5140625 0.009375 0.0328125
0 0.256640625 0.49921875 0.0703125 0.0703125
1 0.62890625 0.63515625 0.01796875 0.02265625
1 0.664453125 0.634375 0.0171875 0.0234375
1 0.7078125 0.633203125 0.01328125 0.0203125
1 0.747265625 0.630859375 0.0125 0.01953125
1 0.77734375 0.62890625 0.0109375 0.015625
1 0.971484375 0.61484375 0.003125 0.0078125
1 0.95625 0.61640625 0.003125 0.0078125
0 0.9640625 0.612890625 0.01875 0.01484375