1 0.143359375 0.284375 0.0046875 0.0125
1 0.130078125 0.283203125 0.003125 0.0109375
1 0.127734375 0.28125 0.003125 0.0109375
0 0.135546875 0.27890625 0.0203125 0.025
1 0.569140625 0.2890625 0.03125 0.04609375
1 0.641015625 0.292578125 0.03828125 0.05390625
1 0.741015625 0.278125 0.03125 0.0453125
1 0.811328125 0.41328125 0.20703125 0.2125
0 0.638671875 0.2703125 0.23828125 0.11171875
1 0.06796875 0.851953125 0.0203125 0.0421875
1 0.00234375 0.855078125 0.0046875 0.04140625
0 0.039453125 0.834765625 0.07890625 0.08515625
1 0.6125 0.86015625 0.0046875 0.01171875
1 0.62578125 0.853515625 0.0046875 0.01171875
1 0.605078125 0.8578125 0.0046875 0.01171875
0 0.615234375 0.85234375 0.0265625 0.02890625