0 0.13359375 0.09140625 0.02265625 0.025
1 0.1421875 0.0921875 0.00546875 0.0140625
1 0.66015625 0.38203125 0.0203125 0.03828125
0 0.63984375 0.371484375 0.0609375 0.07890625
1 0.48828125 0.89453125 0.0046875 0.00859375
1 0.47421875 0.895703125 0.00390625 0.0078125
0 0.48125 0.8921875 0.01875 0.015625
1 0.2109375 0.937109375 0.015625 0.02265625
1 0.173828125 0.9421875 0.01640625 0.021875
1 0.24609375 0.934375 0.0125 0.0203125
1 0.262890625 0.929296875 0.0125 0.02109375
1 0.298828125 0.922265625 0.0109375 0.01484375
1 0.32265625 0.919921875 0.009375 0.0125
1 0.341796875 0.9171875 0.00859375 0.0125
1 0.35625 0.91484375 0.0078125 0.0109375
1 0.27578125 0.925 0.01328125 0.01484375
1 0.876171875 0.9328125 0.21171875 0.134375
0 0.616015625 0.832421875 0.01328125 0.01796875