1 0.306640625 0.43515625 0.01796875 0.05390625
1 0.318359375 0.439453125 0.01640625 0.04921875
1 0.24375 0.441015625 0.021875 0.05625
1 0.169140625 0.44296875 0.01328125 0.03984375
1 0.14765625 0.446484375 0.01875 0.0421875
1 0.101171875 0.45078125 0.01796875 0.0421875
0 0.277734375 0.413671875 0.09921875 0.11484375
0 0.132421875 0.429296875 0.08828125 0.08515625
0 0.61171875 0.397265625 0.0640625 0.07578125
1 0.6328125 0.40703125 0.02109375 0.0375
0 0.225390625 0.6453125 0.0890625 0.07578125
1 0.25859375 0.6546875 0.02109375 0.0375
1 0.19453125 0.664453125 0.021875 0.03671875
1 0.93203125 0.844140625 0.1359375 0.31171875