1 0.3734375 0.19921875 0.00625 0.01640625
1 0.355078125 0.205078125 0.00625 0.01484375
1 0.349609375 0.2046875 0.00546875 0.01484375
0 0.3609375 0.1953125 0.03203125 0.03671875
1 0.719921875 0.3015625 0.31484375 0.315625
1 0.5765625 0.126953125 0.02890625 0.0375
1 0.68203125 0.11640625 0.0265625 0.03125
1 0.818359375 0.09765625 0.0171875 0.02265625
1 0.7640625 0.103515625 0.021875 0.025
1 0.735546875 0.104296875 0.02109375 0.02421875
0 0.779296875 0.087890625 0.11328125 0.0609375
0 0.625390625 0.1078125 0.18359375 0.08046875
1 0.978125 0.077734375 0.009375 0.0109375
1 0.951953125 0.079296875 0.009375 0.01171875
0 0.2875 0.63515625 0.01171875 0.01015625
0 0.574609375 0.6640625 0.08984375 0.0703125
1 0.54921875 0.681640625 0.01953125 0.034375
1 0.53828125 0.676953125 0.0140625 0.03203125
1 0.609765625 0.675390625 0.0171875 0.03515625