1 0.8015625 0.253515625 0.321875 0.13203125
1 0.792578125 0.154296875 0.021875 0.02734375
1 0.769921875 0.156640625 0.01796875 0.0234375
1 0.866015625 0.14609375 0.01875 0.02421875
1 0.909375 0.138671875 0.01484375 0.0203125
1 0.887890625 0.141015625 0.015625 0.01953125
1 0.96171875 0.133203125 0.0140625 0.01953125
1 0.978515625 0.12890625 0.0140625 0.0171875
0 0.817578125 0.141796875 0.11953125 0.0578125
0 0.9234375 0.127734375 0.090625 0.04609375
0 0.982421875 0.121484375 0.03515625 0.03515625
0 0.8796875 0.571484375 0.03046875 0.02265625
1 0.89140625 0.573828125 0.00546875 0.0109375
1 0.86796875 0.576953125 0.00546875 0.0109375