1 0.215625 0.1109375 0.003125 0.0125
1 0.203125 0.110546875 0.003125 0.0109375
1 0.199609375 0.11015625 0.003125 0.01171875
0 0.208203125 0.105859375 0.0203125 0.02265625
1 0.009765625 0.67421875 0.01875 0.02421875
1 0.053125 0.675390625 0.0140625 0.0203125
1 0.092578125 0.675 0.0140625 0.0203125
1 0.12265625 0.674609375 0.01171875 0.01640625
1 0.3171875 0.670703125 0.00390625 0.0078125
1 0.301953125 0.671484375 0.003125 0.0078125
0 0.31015625 0.668359375 0.01875 0.015625
0 0.969921875 0.804296875 0.06015625 0.11171875
1 0.9828125 0.812109375 0.03046875 0.0390625