1 0.78359375 0.16015625 0.00234375 0.00703125
1 0.775390625 0.161328125 0.00234375 0.00703125
1 0.773046875 0.160546875 0.00234375 0.00625
0 0.77890625 0.15859375 0.01328125 0.01484375
1 0.394921875 0.9390625 0.01640625 0.02109375
1 0.43046875 0.941796875 0.0140625 0.021875
1 0.463671875 0.944921875 0.0140625 0.02109375
1 0.47890625 0.944921875 0.0109375 0.01875
1 0.51328125 0.944921875 0.01015625 0.01484375
1 0.5359375 0.947265625 0.0078125 0.0125
1 0.555078125 0.948828125 0.00859375 0.01328125
1 0.56875 0.949609375 0.0078125 0.0125
1 0.698828125 0.95859375 0.00390625 0.0078125
1 0.685546875 0.95703125 0.00390625 0.00859375
0 0.692578125 0.955078125 0.01875 0.01640625
0 0.4296875 0.932421875 0.08515625 0.046875