1 0.9734375 0.0203125 0.00390625 0.00703125
1 0.9875 0.01953125 0.00390625 0.00703125
0 0.98046875 0.016796875 0.01796875 0.0140625
1 0.727734375 0.030078125 0.0109375 0.0171875
1 0.75859375 0.02890625 0.0109375 0.01796875
1 0.785546875 0.030078125 0.0078125 0.015625
1 0.79609375 0.02890625 0.00703125 0.0140625
1 0.869140625 0.0234375 0.00703125 0.0109375
1 0.85625 0.024609375 0.00625 0.01171875
1 0.84140625 0.024609375 0.00625 0.01171875
1 0.819921875 0.024609375 0.00703125 0.01171875
0 0.755078125 0.0234375 0.06875 0.03046875