1 0.400390625 0.356640625 0.00703125 0.02109375
1 0.376171875 0.35625 0.00703125 0.01953125
1 0.371875 0.355859375 0.0046875 0.01875
0 0.387109375 0.346875 0.0359375 0.0421875
1 0.730859375 0.098046875 0.01171875 0.0296875
1 0.740625 0.104296875 0.0171875 0.03203125
1 0.799609375 0.10703125 0.01640625 0.03359375
0 0.7671875 0.091015625 0.08515625 0.0671875
1 0.3828125 0.661328125 0.02109375 0.03984375
1 0.31171875 0.658984375 0.021875 0.03984375
1 0.298046875 0.651171875 0.01640625 0.03671875
0 0.3421875 0.6421875 0.10625 0.08203125