1 0.49765625 0.189453125 0.0140625 0.01953125
1 0.533203125 0.1890625 0.0125 0.02109375
1 0.566796875 0.189453125 0.0125 0.0203125
1 0.58203125 0.187890625 0.009375 0.0171875
1 0.616015625 0.18515625 0.00859375 0.0140625
1 0.6390625 0.18515625 0.00703125 0.0125
1 0.658203125 0.18515625 0.0078125 0.0125
1 0.671875 0.184765625 0.00625 0.0125
1 0.80234375 0.182421875 0.003125 0.0078125
1 0.788671875 0.18203125 0.003125 0.0078125
0 0.795703125 0.179296875 0.0171875 0.01484375
0 0.531640625 0.1796875 0.08203125 0.040625
1 0.709765625 0.68671875 0.003125 0.0078125
1 0.703125 0.690625 0.00234375 0.00625
1 0.69765625 0.68984375 0.00234375 0.0078125
0 0.703515625 0.6859375 0.015625 0.015625