1 0.2453125 0.2921875 0.02109375 0.0546875
1 0.257421875 0.296484375 0.01484375 0.0515625
1 0.180859375 0.29921875 0.02109375 0.05625
1 0.10703125 0.301171875 0.0140625 0.03984375
1 0.085546875 0.3046875 0.0171875 0.04140625
1 0.039453125 0.30859375 0.01796875 0.040625
0 0.215234375 0.272265625 0.09921875 0.115625
0 0.07109375 0.287109375 0.08828125 0.08515625
1 0.716796875 0.02890625 0.0109375 0.0296875
1 0.68359375 0.034375 0.0125 0.02890625
1 0.667578125 0.028125 0.01015625 0.028125
0 0.68984375 0.025390625 0.065625 0.05078125
1 0.6 0.815234375 0.021875 0.05546875
1 0.663671875 0.809375 0.0203125 0.0546875
1 0.67734375 0.81328125 0.01640625 0.05078125
1 0.459765625 0.824609375 0.01796875 0.040625
1 0.52734375 0.81640625 0.01328125 0.03984375
1 0.50546875 0.81875 0.01796875 0.0421875
0 0.63515625 0.787890625 0.1015625 0.115625
0 0.49140625 0.80234375 0.08828125 0.08671875