1 0.51484375 0.372265625 0.00390625 0.01328125
1 0.49921875 0.373046875 0.0046875 0.01328125
0 0.506640625 0.36640625 0.0203125 0.02578125
1 0.825 0.10390625 0.01953125 0.05546875
1 0.8875 0.10390625 0.015625 0.0546875
1 0.8984375 0.107421875 0.0140625 0.0484375
1 0.728125 0.103125 0.01484375 0.04140625
1 0.75 0.102734375 0.01015625 0.03984375
1 0.68203125 0.10390625 0.01484375 0.04296875
0 0.86015625 0.079296875 0.0921875 0.109375
0 0.71484375 0.084765625 0.0828125 0.08125
0 0.446875 0.80546875 0.01484375 0.0125
1 0.45234375 0.807421875 0.003125 0.00703125
1 0.44140625 0.808203125 0.003125 0.00703125
1 0.7375 0.8171875 0.01328125 0.03203125
1 0.75 0.82421875 0.0171875 0.03359375
1 0.816015625 0.82109375 0.01796875 0.03671875
0 0.777734375 0.805859375 0.0953125 0.071875