1 0.52890625 0.102734375 0.02109375 0.05078125
1 0.472265625 0.101171875 0.02109375 0.05
1 0.449609375 0.09765625 0.01484375 0.04765625
0 0.490234375 0.078125 0.1015625 0.10078125
1 0.616015625 0.224609375 0.11328125 0.20703125
1 0.6453125 0.0625 0.00625 0.015625
1 0.675 0.062890625 0.0078125 0.015625
1 0.692578125 0.0609375 0.00859375 0.01484375
0 0.66796875 0.056640625 0.06171875 0.03203125
1 0.271875 0.52265625 0.0125 0.03359375
1 0.284375 0.530078125 0.01796875 0.03671875
1 0.3515625 0.53125 0.01875 0.0359375
0 0.31328125 0.51328125 0.096875 0.07421875
1 0.758203125 0.513671875 0.0046875 0.0125
1 0.74375 0.515625 0.0046875 0.01171875
1 0.73984375 0.51484375 0.00390625 0.01171875
0 0.749609375 0.509375 0.02265625 0.025