1 0.137890625 0.28203125 0.00859375 0.02109375
1 0.12734375 0.279296875 0.0078125 0.0203125
1 0.16328125 0.274609375 0.009375 0.021875
0 0.14609375 0.2703125 0.046875 0.04921875
1 0.8328125 0.500390625 0.0328125 0.04765625
1 0.902734375 0.512890625 0.03984375 0.05390625
1 0.994140625 0.512890625 0.01171875 0.04609375
0 0.891796875 0.485546875 0.21640625 0.10859375
0 0.396484375 0.875 0.04609375 0.0921875
1 0.394140625 0.888671875 0.02421875 0.04375
1 0.384375 0.882421875 0.01796875 0.0390625
1 0.499609375 0.57265625 0.021875 0.0421875
1 0.428125 0.565625 0.0171875 0.0421875
0 0.4671875 0.5671875 0.0953125 0.0546875