1 0.21796875 0.891015625 0.321875 0.21796875
1 0.3265625 0.73515625 0.01640625 0.01953125
1 0.303515625 0.737109375 0.01484375 0.01796875
1 0.375390625 0.730078125 0.015625 0.01953125
1 0.39296875 0.72578125 0.01171875 0.01640625
1 0.4328125 0.722265625 0.0125 0.01484375
1 0.47265625 0.716796875 0.0109375 0.0140625
0 0.3390625 0.727734375 0.0890625 0.040625
0 0.40859375 0.719140625 0.06171875 0.03359375
0 0.454296875 0.7140625 0.04921875 0.028125
1 0.555859375 0.75703125 0.01171875 0.0328125
1 0.58828125 0.751171875 0.01796875 0.0265625
1 0.65546875 0.737109375 0.01640625 0.01953125
1 0.68671875 0.733203125 0.01171875 0.01640625
1 0.7125 0.72890625 0.0109375 0.01484375
1 0.733984375 0.725 0.0109375 0.015625
1 0.891796875 0.6984375 0.0046875 0.0078125
1 0.876953125 0.70078125 0.003125 0.0078125
0 0.883984375 0.69609375 0.01953125 0.0171875