1 0.555859375 0.1375 0.021875 0.03046875
1 0.499609375 0.133984375 0.0265625 0.03828125
1 0.615234375 0.1375 0.0140625 0.02265625
1 0.647265625 0.141796875 0.01640625 0.021875
1 0.68359375 0.14609375 0.01328125 0.0203125
1 0.71484375 0.14921875 0.01171875 0.01796875
1 0.7390625 0.150390625 0.0125 0.01640625
1 0.89765625 0.16328125 0.00390625 0.00859375
1 0.91328125 0.165234375 0.0046875 0.00859375
0 0.905859375 0.1609375 0.02109375 0.01875
0 0.651171875 0.1328125 0.0859375 0.05078125
1 0.398046875 0.6734375 0.00703125 0.0140625
1 0.414453125 0.675 0.00625 0.015625
0 0.40703125 0.668359375 0.02421875 0.02890625
0 0.87578125 0.817578125 0.02109375 0.01875
0 0.540234375 0.7921875 0.1265625 0.06796875
1 0.8828125 0.821875 0.00390625 0.0078125
1 0.867578125 0.820703125 0.0046875 0.00859375
1 0.666796875 0.8125 0.01484375 0.0203125
1 0.63046875 0.810546875 0.0171875 0.0234375
1 0.581640625 0.806640625 0.01796875 0.0265625
1 0.529296875 0.803125 0.0234375 0.0296875
1 0.487890625 0.799609375 0.02109375 0.02734375