1 0.8546875 0.457421875 0.21328125 0.2234375
0 0.67109375 0.251171875 0.02421875 0.01796875
1 0.5 0.6140625 0.00390625 0.00703125
1 0.48671875 0.6125 0.00390625 0.00625
0 0.49375 0.61015625 0.01875 0.01640625
1 0.237109375 0.596484375 0.01328125 0.01328125
1 0.26875 0.5984375 0.0140625 0.0171875
1 0.295703125 0.601171875 0.0109375 0.01640625
1 0.30703125 0.60078125 0.009375 0.015625
1 0.38125 0.605078125 0.00859375 0.01171875
1 0.369140625 0.6046875 0.00859375 0.01171875
1 0.352734375 0.603125 0.0078125 0.0109375
1 0.658203125 0.61796875 0.003125 0.00859375
1 0.64921875 0.61640625 0.003125 0.00859375
1 0.6453125 0.6140625 0.003125 0.00859375
0 0.651171875 0.6125 0.01953125 0.0203125