1 0.30546875 0.473046875 0.021875 0.03359375
1 0.3171875 0.476171875 0.015625 0.02734375
1 0.241015625 0.476953125 0.02265625 0.02578125
1 0.166796875 0.4828125 0.01484375 0.0140625
1 0.14609375 0.48359375 0.01875 0.0125
0 0.275390625 0.446875 0.10078125 0.0859375
0 0.130859375 0.4640625 0.08828125 0.0515625
0 0.196875 0.736328125 0.0796875 0.0671875
1 0.226171875 0.74765625 0.01796875 0.03203125
1 0.16953125 0.753125 0.0171875 0.03203125
1 0.825390625 0.56484375 0.01796875 0.03828125
1 0.837109375 0.56953125 0.02578125 0.0453125
1 0.916015625 0.56875 0.0234375 0.04375
0 0.8703125 0.549609375 0.11640625 0.10078125