1 0.54296875 0.20859375 0.01796875 0.05
1 0.554296875 0.21484375 0.0125 0.04765625
1 0.483203125 0.2109375 0.01640625 0.053125
1 0.40859375 0.208984375 0.01015625 0.03671875
1 0.38984375 0.20859375 0.01171875 0.040625
1 0.3453125 0.21171875 0.0109375 0.040625
0 0.5171875 0.1875 0.0875 0.10625
0 0.376953125 0.1921875 0.07421875 0.0796875
0 0.2578125 0.995703125 0.034375 0.00859375
1 0.579296875 0.6953125 0.0046875 0.0125
1 0.565625 0.70078125 0.0046875 0.0125
1 0.558984375 0.69921875 0.0046875 0.01171875
0 0.56875 0.693359375 0.025 0.02734375