0 0.112109375 0.103125 0.04140625 0.05078125
0 0.019140625 0.112890625 0.03828125 0.04765625
1 0.126953125 0.11171875 0.01015625 0.025
1 0.098828125 0.115234375 0.009375 0.025
1 0.028515625 0.1234375 0.00859375 0.0203125
1 0.034765625 0.122265625 0.00625 0.01796875
1 0.004296875 0.125390625 0.00859375 0.02265625
1 0.96015625 0.2046875 0.0796875 0.2234375
1 0.16796875 0.5453125 0.00625 0.0140625
1 0.151953125 0.543359375 0.00546875 0.0140625
1 0.150390625 0.5421875 0.00546875 0.01484375
0 0.15859375 0.5421875 0.025 0.025