1 0.524609375 0.82265625 0.00234375 0.00625
1 0.513671875 0.823046875 0.003125 0.00703125
0 0.519140625 0.820703125 0.0140625 0.0125
1 0.402734375 0.83203125 0.00625 0.01171875
1 0.3890625 0.832421875 0.00703125 0.0125
1 0.411328125 0.830859375 0.00546875 0.0109375
1 0.425390625 0.8296875 0.0046875 0.00859375
1 0.44140625 0.829296875 0.0046875 0.0078125
1 0.43359375 0.82890625 0.00546875 0.0078125
1 0.36953125 0.834375 0.00625 0.009375
1 0.56640625 0.5 0.009375 0.0265625
0 0.55546875 0.488671875 0.03125 0.05703125