1 0.33125 0.294140625 0.01171875 0.02890625
1 0.29453125 0.296875 0.01015625 0.03046875
0 0.31328125 0.281640625 0.0515625 0.06640625
0 0.2046875 0.289453125 0.05078125 0.0578125
1 0.21640625 0.302734375 0.01015625 0.0265625
1 0.22578125 0.301171875 0.00703125 0.02265625
1 0.186328125 0.304296875 0.01015625 0.028125
1 0.030078125 0.328125 0.0171875 0.04921875
1 0.008984375 0.332421875 0.01796875 0.05234375
1 0.002734375 0.333203125 0.00546875 0.06484375
0 0.822265625 0.2515625 0.02109375 0.01796875
1 0.83046875 0.254296875 0.00390625 0.00859375
1 0.81484375 0.255859375 0.0046875 0.00859375
1 0.134765625 0.98671875 0.03203125 0.0265625
1 0.26328125 0.980078125 0.028125 0.03984375
0 0.205859375 0.96328125 0.19921875 0.0734375
1 0.869921875 0.7890625 0.00859375 0.015625
1 0.84921875 0.790625 0.00546875 0.015625
1 0.9484375 0.781640625 0.00625 0.01953125
1 0.927734375 0.783203125 0.00625 0.01875
0 0.9375 0.774609375 0.0296875 0.03671875
0 0.859765625 0.781640625 0.02890625 0.03359375