1 0.22734375 0.15 0.01484375 0.05390625
1 0.23828125 0.15546875 0.0140625 0.0484375
1 0.1640625 0.1484375 0.01875 0.05546875
1 0.089453125 0.141015625 0.01171875 0.0390625
1 0.06796875 0.141796875 0.01640625 0.0421875
1 0.02109375 0.140625 0.015625 0.04140625
0 0.201171875 0.125390625 0.09375 0.1109375
0 0.055078125 0.123046875 0.084375 0.08125
1 0.78046875 0.16953125 0.02109375 0.034375
1 0.846875 0.171875 0.01875 0.03515625
0 0.81328125 0.155859375 0.08828125 0.06875
1 0.02578125 0.59140625 0.015625 0.0328125
0 0.017578125 0.57890625 0.03515625 0.0578125
0 0.756640625 0.9328125 0.07265625 0.06171875
1 0.78359375 0.947265625 0.01484375 0.0328125
1 0.728125 0.9421875 0.015625 0.03046875