1 0.86328125 0.281640625 0.00234375 0.00703125
1 0.85546875 0.284375 0.00234375 0.00703125
1 0.853125 0.28359375 0.00234375 0.00625
0 0.858203125 0.280859375 0.01328125 0.01484375
0 0.194921875 0.78203125 0.125 0.0640625
1 0.284375 0.78046875 0.0109375 0.0234375
1 0.23828125 0.7875 0.0171875 0.0265625
1 0.186328125 0.794921875 0.021875 0.02890625
1 0.1453125 0.8 0.0203125 0.0265625
1 0.4609375 0.8109375 0.02109375 0.0546875
1 0.473046875 0.815234375 0.01484375 0.0515625
1 0.396484375 0.81796875 0.02109375 0.05625
1 0.32265625 0.819921875 0.0140625 0.03984375
1 0.301171875 0.8234375 0.0171875 0.04140625
0 0.430859375 0.791015625 0.09921875 0.115625
0 0.31015625 0.805859375 0.040625 0.08515625