1 0.50703125 0.028125 0.009375 0.0234375
1 0.49296875 0.021484375 0.00703125 0.021875
1 0.533984375 0.02578125 0.0078125 0.025
0 0.51171875 0.019921875 0.053125 0.03984375
1 0.131640625 0.470703125 0.02109375 0.05078125
1 0.075 0.473046875 0.02109375 0.05
1 0.05234375 0.47109375 0.01484375 0.04765625
0 0.09140625 0.454296875 0.1015625 0.08984375
1 0.45625 0.553125 0.01953125 0.04140625
1 0.38203125 0.55546875 0.0203125 0.04140625
1 0.36953125 0.548046875 0.015625 0.03671875
0 0.413671875 0.5359375 0.10703125 0.08359375