1 0.73125 0.41640625 0.00390625 0.01015625
1 0.74609375 0.4171875 0.00390625 0.00859375
0 0.7390625 0.4140625 0.0203125 0.01875
1 0.408203125 0.38828125 0.01875 0.02421875
1 0.44375 0.393359375 0.01875 0.025
1 0.4859375 0.397265625 0.01640625 0.02265625
1 0.523828125 0.401171875 0.01484375 0.0203125
1 0.55390625 0.403125 0.0125 0.01796875
0 0.448046875 0.38125 0.0984375 0.06015625
1 0.105859375 0.79296875 0.00703125 0.0140625
1 0.122265625 0.79453125 0.00625 0.015625
0 0.11484375 0.787890625 0.02421875 0.02890625
1 0.672265625 0.915625 0.32734375 0.16875