1 0.33125 0.435546875 0.00625 0.01640625
1 0.312109375 0.43828125 0.00625 0.01484375
1 0.306640625 0.43671875 0.00546875 0.01484375
0 0.31953125 0.429296875 0.03203125 0.03671875
1 0.733984375 0.305859375 0.00390625 0.01015625
1 0.748828125 0.30625 0.00390625 0.00859375
0 0.741796875 0.303515625 0.01953125 0.01796875
1 0.445703125 0.292578125 0.01875 0.025
1 0.487890625 0.2953125 0.015625 0.021875
1 0.526171875 0.29765625 0.0140625 0.01953125
1 0.55625 0.298828125 0.01171875 0.01796875
0 0.458984375 0.280078125 0.07890625 0.05703125
1 0.301171875 0.837890625 0.0046875 0.01328125
1 0.2859375 0.836328125 0.00390625 0.01328125
0 0.293359375 0.831640625 0.02265625 0.02734375
1 0.557421875 0.8328125 0.0046875 0.009375
1 0.571484375 0.83359375 0.00390625 0.00859375
0 0.56484375 0.8296875 0.01953125 0.0171875