0 0.54453125 0.344921875 0.01171875 0.01015625
1 0.0703125 0.958203125 0.015625 0.0203125
1 0.105859375 0.959765625 0.01328125 0.021875
1 0.1390625 0.96171875 0.01328125 0.0203125
1 0.1546875 0.9609375 0.0109375 0.01796875
1 0.188671875 0.96015625 0.009375 0.01484375
1 0.21171875 0.961328125 0.0078125 0.0125
1 0.230859375 0.9625 0.0078125 0.0125
1 0.24453125 0.9625 0.00703125 0.0125
1 0.375 0.9671875 0.00390625 0.0078125
1 0.361328125 0.966015625 0.00390625 0.00859375
0 0.368359375 0.963671875 0.01796875 0.015625
0 0.1046875 0.950390625 0.084375 0.04453125
1 0.48046875 0.904296875 0.121875 0.19140625