0 0.299609375 0.219140625 0.04140625 0.05078125
0 0.205078125 0.209765625 0.04140625 0.04765625
1 0.3125 0.230859375 0.01015625 0.025
1 0.283984375 0.228125 0.009375 0.025
1 0.213671875 0.221484375 0.00859375 0.0203125
1 0.219921875 0.221875 0.00625 0.01796875
1 0.189453125 0.21875 0.009375 0.02265625
1 0.7484375 0.53828125 0.3171875 0.2625
1 0.398828125 0.834765625 0.26171875 0.33046875
1 0.714453125 0.75078125 0.025 0.04375
1 0.6421875 0.744921875 0.0234375 0.0421875
1 0.628515625 0.7359375 0.01796875 0.0390625
0 0.674609375 0.729296875 0.1125 0.0890625