1 0.38046875 0.166015625 0.00703125 0.02109375
1 0.35625 0.165234375 0.00703125 0.02109375
1 0.351953125 0.16484375 0.00546875 0.0203125
0 0.367578125 0.15625 0.0359375 0.0421875
1 0.86875 0.26328125 0.2625 0.2734375
1 0.41484375 0.8578125 0.3015625 0.284375
1 0.030859375 0.67265625 0.040625 0.053125
1 0.2875 0.673046875 0.028125 0.0375
1 0.408203125 0.680078125 0.0234375 0.03125
0 0.35703125 0.661328125 0.19609375 0.075
0 0.059765625 0.64921875 0.11953125 0.1078125
1 0.920703125 0.86953125 0.15859375 0.2609375