1 0.72109375 0.262109375 0.0203125 0.0390625
1 0.651171875 0.265234375 0.01875 0.0390625
1 0.63828125 0.257421875 0.01484375 0.03515625
0 0.68046875 0.246875 0.10234375 0.07734375
1 0.003125 0.731640625 0.00625 0.03984375
1 0.06875 0.7296875 0.01953125 0.03984375
0 0.039453125 0.712109375 0.07890625 0.08046875
1 0.741796875 0.874609375 0.03203125 0.04140625
1 0.871484375 0.869140625 0.02578125 0.03359375
1 0.985546875 0.85859375 0.021875 0.02578125
1 0.953125 0.859375 0.015625 0.0234375
0 0.971875 0.84609375 0.05625 0.0546875
0 0.809375 0.85625 0.2046875 0.0796875