1 0.1875 0.114453125 0.00625 0.01953125
1 0.200390625 0.121484375 0.00859375 0.021875
1 0.224609375 0.11953125 0.00625 0.0203125
0 0.2046875 0.11015625 0.046875 0.0453125
1 0.547265625 0.287109375 0.003125 0.0109375
1 0.55 0.289453125 0.003125 0.0125
1 0.564453125 0.2859375 0.003125 0.01328125
0 0.55625 0.2828125 0.0203125 0.02578125
1 0.664453125 0.805078125 0.003125 0.00859375
1 0.649609375 0.805078125 0.003125 0.00703125
0 0.657421875 0.801953125 0.01875 0.01484375
1 0.4890625 0.813671875 0.01015625 0.015625
1 0.464453125 0.81484375 0.01015625 0.01640625
1 0.4328125 0.815625 0.01328125 0.01640625
1 0.395703125 0.815625 0.0140625 0.01953125
1 0.36328125 0.816015625 0.0140625 0.01953125
1 0.299609375 0.82421875 0.01953125 0.02890625